/*--------------------------------*- C++ -*----------------------------------*\
| =========                 |                                                 |
| \\      /  F ield         | OpenFOAM: The Open Source CFD Toolbox           |
|  \\    /   O peration     | Version:  2312                                  |
|   \\  /    A nd           | Website:  www.openfoam.com                      |
|    \\/     M anipulation  |                                                 |
\*---------------------------------------------------------------------------*/
FoamFile
{
    version     2.0;
    format      ascii;
    arch        "LSB;label=32;scalar=64";
    class       vectorField;
    location    "constant/polyMesh";
    object      points;
}
// * * * * * * * * * * * * * * * * * * * * * * * * * * * * * * * * * * * * * //


4284
(
(0 0 -5e-05)
(0.001 0 -5e-05)
(0.002 0 -5e-05)
(0.003 0 -5e-05)
(0.004 0 -5e-05)
(0.005 0 -5e-05)
(0.006 0 -5e-05)
(0.007 0 -5e-05)
(0.008 0 -5e-05)
(0.009 0 -5e-05)
(0.01 0 -5e-05)
(0.011 0 -5e-05)
(0.012 0 -5e-05)
(0.013 0 -5e-05)
(0.014 0 -5e-05)
(0.015 0 -5e-05)
(0.016 0 -5e-05)
(0.017 0 -5e-05)
(0.018 0 -5e-05)
(0.019 0 -5e-05)
(0.02 0 -5e-05)
(0.021 0 -5e-05)
(0.022 0 -5e-05)
(0.023 0 -5e-05)
(0.024 0 -5e-05)
(0.025 0 -5e-05)
(0.026 0 -5e-05)
(0.027 0 -5e-05)
(0.028 0 -5e-05)
(0.029 0 -5e-05)
(0.03 0 -5e-05)
(0.031 0 -5e-05)
(0.032 0 -5e-05)
(0.033 0 -5e-05)
(0.034 0 -5e-05)
(0.035 0 -5e-05)
(0.036 0 -5e-05)
(0.037 0 -5e-05)
(0.038 0 -5e-05)
(0.039 0 -5e-05)
(0.04 0 -5e-05)
(0.041 0 -5e-05)
(0.042 0 -5e-05)
(0.043 0 -5e-05)
(0.044 0 -5e-05)
(0.045 0 -5e-05)
(0.046 0 -5e-05)
(0.047 0 -5e-05)
(0.048 0 -5e-05)
(0.049 0 -5e-05)
(0.05 0 -5e-05)
(0 5e-05 -5e-05)
(0.001 5e-05 -5e-05)
(0.002 5e-05 -5e-05)
(0.003 5e-05 -5e-05)
(0.004 5e-05 -5e-05)
(0.005 5e-05 -5e-05)
(0.006 5e-05 -5e-05)
(0.007 5e-05 -5e-05)
(0.008 5e-05 -5e-05)
(0.009 5e-05 -5e-05)
(0.01 5e-05 -5e-05)
(0.011 5e-05 -5e-05)
(0.012 5e-05 -5e-05)
(0.013 5e-05 -5e-05)
(0.014 5e-05 -5e-05)
(0.015 5e-05 -5e-05)
(0.016 5e-05 -5e-05)
(0.017 5e-05 -5e-05)
(0.018 5e-05 -5e-05)
(0.019 5e-05 -5e-05)
(0.02 5e-05 -5e-05)
(0.021 5e-05 -5e-05)
(0.022 5e-05 -5e-05)
(0.023 5e-05 -5e-05)
(0.024 5e-05 -5e-05)
(0.025 5e-05 -5e-05)
(0.026 5e-05 -5e-05)
(0.027 5e-05 -5e-05)
(0.028 5e-05 -5e-05)
(0.029 5e-05 -5e-05)
(0.03 5e-05 -5e-05)
(0.031 5e-05 -5e-05)
(0.032 5e-05 -5e-05)
(0.033 5e-05 -5e-05)
(0.034 5e-05 -5e-05)
(0.035 5e-05 -5e-05)
(0.036 5e-05 -5e-05)
(0.037 5e-05 -5e-05)
(0.038 5e-05 -5e-05)
(0.039 5e-05 -5e-05)
(0.04 5e-05 -5e-05)
(0.041 5e-05 -5e-05)
(0.042 5e-05 -5e-05)
(0.043 5e-05 -5e-05)
(0.044 5e-05 -5e-05)
(0.045 5e-05 -5e-05)
(0.046 5e-05 -5e-05)
(0.047 5e-05 -5e-05)
(0.048 5e-05 -5e-05)
(0.049 5e-05 -5e-05)
(0.05 5e-05 -5e-05)
(0 0.0001 -5e-05)
(0.001 0.0001 -5e-05)
(0.002 0.0001 -5e-05)
(0.003 0.0001 -5e-05)
(0.004 0.0001 -5e-05)
(0.005 0.0001 -5e-05)
(0.006 0.0001 -5e-05)
(0.007 0.0001 -5e-05)
(0.008 0.0001 -5e-05)
(0.009 0.0001 -5e-05)
(0.01 0.0001 -5e-05)
(0.011 0.0001 -5e-05)
(0.012 0.0001 -5e-05)
(0.013 0.0001 -5e-05)
(0.014 0.0001 -5e-05)
(0.015 0.0001 -5e-05)
(0.016 0.0001 -5e-05)
(0.017 0.0001 -5e-05)
(0.018 0.0001 -5e-05)
(0.019 0.0001 -5e-05)
(0.02 0.0001 -5e-05)
(0.021 0.0001 -5e-05)
(0.022 0.0001 -5e-05)
(0.023 0.0001 -5e-05)
(0.024 0.0001 -5e-05)
(0.025 0.0001 -5e-05)
(0.026 0.0001 -5e-05)
(0.027 0.0001 -5e-05)
(0.028 0.0001 -5e-05)
(0.029 0.0001 -5e-05)
(0.03 0.0001 -5e-05)
(0.031 0.0001 -5e-05)
(0.032 0.0001 -5e-05)
(0.033 0.0001 -5e-05)
(0.034 0.0001 -5e-05)
(0.035 0.0001 -5e-05)
(0.036 0.0001 -5e-05)
(0.037 0.0001 -5e-05)
(0.038 0.0001 -5e-05)
(0.039 0.0001 -5e-05)
(0.04 0.0001 -5e-05)
(0.041 0.0001 -5e-05)
(0.042 0.0001 -5e-05)
(0.043 0.0001 -5e-05)
(0.044 0.0001 -5e-05)
(0.045 0.0001 -5e-05)
(0.046 0.0001 -5e-05)
(0.047 0.0001 -5e-05)
(0.048 0.0001 -5e-05)
(0.049 0.0001 -5e-05)
(0.05 0.0001 -5e-05)
(0 0.00015 -5e-05)
(0.001 0.00015 -5e-05)
(0.002 0.00015 -5e-05)
(0.003 0.00015 -5e-05)
(0.004 0.00015 -5e-05)
(0.005 0.00015 -5e-05)
(0.006 0.00015 -5e-05)
(0.007 0.00015 -5e-05)
(0.008 0.00015 -5e-05)
(0.009 0.00015 -5e-05)
(0.01 0.00015 -5e-05)
(0.011 0.00015 -5e-05)
(0.012 0.00015 -5e-05)
(0.013 0.00015 -5e-05)
(0.014 0.00015 -5e-05)
(0.015 0.00015 -5e-05)
(0.016 0.00015 -5e-05)
(0.017 0.00015 -5e-05)
(0.018 0.00015 -5e-05)
(0.019 0.00015 -5e-05)
(0.02 0.00015 -5e-05)
(0.021 0.00015 -5e-05)
(0.022 0.00015 -5e-05)
(0.023 0.00015 -5e-05)
(0.024 0.00015 -5e-05)
(0.025 0.00015 -5e-05)
(0.026 0.00015 -5e-05)
(0.027 0.00015 -5e-05)
(0.028 0.00015 -5e-05)
(0.029 0.00015 -5e-05)
(0.03 0.00015 -5e-05)
(0.031 0.00015 -5e-05)
(0.032 0.00015 -5e-05)
(0.033 0.00015 -5e-05)
(0.034 0.00015 -5e-05)
(0.035 0.00015 -5e-05)
(0.036 0.00015 -5e-05)
(0.037 0.00015 -5e-05)
(0.038 0.00015 -5e-05)
(0.039 0.00015 -5e-05)
(0.04 0.00015 -5e-05)
(0.041 0.00015 -5e-05)
(0.042 0.00015 -5e-05)
(0.043 0.00015 -5e-05)
(0.044 0.00015 -5e-05)
(0.045 0.00015 -5e-05)
(0.046 0.00015 -5e-05)
(0.047 0.00015 -5e-05)
(0.048 0.00015 -5e-05)
(0.049 0.00015 -5e-05)
(0.05 0.00015 -5e-05)
(0 0.0002 -5e-05)
(0.001 0.0002 -5e-05)
(0.002 0.0002 -5e-05)
(0.003 0.0002 -5e-05)
(0.004 0.0002 -5e-05)
(0.005 0.0002 -5e-05)
(0.006 0.0002 -5e-05)
(0.007 0.0002 -5e-05)
(0.008 0.0002 -5e-05)
(0.009 0.0002 -5e-05)
(0.01 0.0002 -5e-05)
(0.011 0.0002 -5e-05)
(0.012 0.0002 -5e-05)
(0.013 0.0002 -5e-05)
(0.014 0.0002 -5e-05)
(0.015 0.0002 -5e-05)
(0.016 0.0002 -5e-05)
(0.017 0.0002 -5e-05)
(0.018 0.0002 -5e-05)
(0.019 0.0002 -5e-05)
(0.02 0.0002 -5e-05)
(0.021 0.0002 -5e-05)
(0.022 0.0002 -5e-05)
(0.023 0.0002 -5e-05)
(0.024 0.0002 -5e-05)
(0.025 0.0002 -5e-05)
(0.026 0.0002 -5e-05)
(0.027 0.0002 -5e-05)
(0.028 0.0002 -5e-05)
(0.029 0.0002 -5e-05)
(0.03 0.0002 -5e-05)
(0.031 0.0002 -5e-05)
(0.032 0.0002 -5e-05)
(0.033 0.0002 -5e-05)
(0.034 0.0002 -5e-05)
(0.035 0.0002 -5e-05)
(0.036 0.0002 -5e-05)
(0.037 0.0002 -5e-05)
(0.038 0.0002 -5e-05)
(0.039 0.0002 -5e-05)
(0.04 0.0002 -5e-05)
(0.041 0.0002 -5e-05)
(0.042 0.0002 -5e-05)
(0.043 0.0002 -5e-05)
(0.044 0.0002 -5e-05)
(0.045 0.0002 -5e-05)
(0.046 0.0002 -5e-05)
(0.047 0.0002 -5e-05)
(0.048 0.0002 -5e-05)
(0.049 0.0002 -5e-05)
(0.05 0.0002 -5e-05)
(0 0.00025 -5e-05)
(0.001 0.00025 -5e-05)
(0.002 0.00025 -5e-05)
(0.003 0.00025 -5e-05)
(0.004 0.00025 -5e-05)
(0.005 0.00025 -5e-05)
(0.006 0.00025 -5e-05)
(0.007 0.00025 -5e-05)
(0.008 0.00025 -5e-05)
(0.009 0.00025 -5e-05)
(0.01 0.00025 -5e-05)
(0.011 0.00025 -5e-05)
(0.012 0.00025 -5e-05)
(0.013 0.00025 -5e-05)
(0.014 0.00025 -5e-05)
(0.015 0.00025 -5e-05)
(0.016 0.00025 -5e-05)
(0.017 0.00025 -5e-05)
(0.018 0.00025 -5e-05)
(0.019 0.00025 -5e-05)
(0.02 0.00025 -5e-05)
(0.021 0.00025 -5e-05)
(0.022 0.00025 -5e-05)
(0.023 0.00025 -5e-05)
(0.024 0.00025 -5e-05)
(0.025 0.00025 -5e-05)
(0.026 0.00025 -5e-05)
(0.027 0.00025 -5e-05)
(0.028 0.00025 -5e-05)
(0.029 0.00025 -5e-05)
(0.03 0.00025 -5e-05)
(0.031 0.00025 -5e-05)
(0.032 0.00025 -5e-05)
(0.033 0.00025 -5e-05)
(0.034 0.00025 -5e-05)
(0.035 0.00025 -5e-05)
(0.036 0.00025 -5e-05)
(0.037 0.00025 -5e-05)
(0.038 0.00025 -5e-05)
(0.039 0.00025 -5e-05)
(0.04 0.00025 -5e-05)
(0.041 0.00025 -5e-05)
(0.042 0.00025 -5e-05)
(0.043 0.00025 -5e-05)
(0.044 0.00025 -5e-05)
(0.045 0.00025 -5e-05)
(0.046 0.00025 -5e-05)
(0.047 0.00025 -5e-05)
(0.048 0.00025 -5e-05)
(0.049 0.00025 -5e-05)
(0.05 0.00025 -5e-05)
(0 0.0003 -5e-05)
(0.001 0.0003 -5e-05)
(0.002 0.0003 -5e-05)
(0.003 0.0003 -5e-05)
(0.004 0.0003 -5e-05)
(0.005 0.0003 -5e-05)
(0.006 0.0003 -5e-05)
(0.007 0.0003 -5e-05)
(0.008 0.0003 -5e-05)
(0.009 0.0003 -5e-05)
(0.01 0.0003 -5e-05)
(0.011 0.0003 -5e-05)
(0.012 0.0003 -5e-05)
(0.013 0.0003 -5e-05)
(0.014 0.0003 -5e-05)
(0.015 0.0003 -5e-05)
(0.016 0.0003 -5e-05)
(0.017 0.0003 -5e-05)
(0.018 0.0003 -5e-05)
(0.019 0.0003 -5e-05)
(0.02 0.0003 -5e-05)
(0.021 0.0003 -5e-05)
(0.022 0.0003 -5e-05)
(0.023 0.0003 -5e-05)
(0.024 0.0003 -5e-05)
(0.025 0.0003 -5e-05)
(0.026 0.0003 -5e-05)
(0.027 0.0003 -5e-05)
(0.028 0.0003 -5e-05)
(0.029 0.0003 -5e-05)
(0.03 0.0003 -5e-05)
(0.031 0.0003 -5e-05)
(0.032 0.0003 -5e-05)
(0.033 0.0003 -5e-05)
(0.034 0.0003 -5e-05)
(0.035 0.0003 -5e-05)
(0.036 0.0003 -5e-05)
(0.037 0.0003 -5e-05)
(0.038 0.0003 -5e-05)
(0.039 0.0003 -5e-05)
(0.04 0.0003 -5e-05)
(0.041 0.0003 -5e-05)
(0.042 0.0003 -5e-05)
(0.043 0.0003 -5e-05)
(0.044 0.0003 -5e-05)
(0.045 0.0003 -5e-05)
(0.046 0.0003 -5e-05)
(0.047 0.0003 -5e-05)
(0.048 0.0003 -5e-05)
(0.049 0.0003 -5e-05)
(0.05 0.0003 -5e-05)
(0 0.00035 -5e-05)
(0.001 0.00035 -5e-05)
(0.002 0.00035 -5e-05)
(0.003 0.00035 -5e-05)
(0.004 0.00035 -5e-05)
(0.005 0.00035 -5e-05)
(0.006 0.00035 -5e-05)
(0.007 0.00035 -5e-05)
(0.008 0.00035 -5e-05)
(0.009 0.00035 -5e-05)
(0.01 0.00035 -5e-05)
(0.011 0.00035 -5e-05)
(0.012 0.00035 -5e-05)
(0.013 0.00035 -5e-05)
(0.014 0.00035 -5e-05)
(0.015 0.00035 -5e-05)
(0.016 0.00035 -5e-05)
(0.017 0.00035 -5e-05)
(0.018 0.00035 -5e-05)
(0.019 0.00035 -5e-05)
(0.02 0.00035 -5e-05)
(0.021 0.00035 -5e-05)
(0.022 0.00035 -5e-05)
(0.023 0.00035 -5e-05)
(0.024 0.00035 -5e-05)
(0.025 0.00035 -5e-05)
(0.026 0.00035 -5e-05)
(0.027 0.00035 -5e-05)
(0.028 0.00035 -5e-05)
(0.029 0.00035 -5e-05)
(0.03 0.00035 -5e-05)
(0.031 0.00035 -5e-05)
(0.032 0.00035 -5e-05)
(0.033 0.00035 -5e-05)
(0.034 0.00035 -5e-05)
(0.035 0.00035 -5e-05)
(0.036 0.00035 -5e-05)
(0.037 0.00035 -5e-05)
(0.038 0.00035 -5e-05)
(0.039 0.00035 -5e-05)
(0.04 0.00035 -5e-05)
(0.041 0.00035 -5e-05)
(0.042 0.00035 -5e-05)
(0.043 0.00035 -5e-05)
(0.044 0.00035 -5e-05)
(0.045 0.00035 -5e-05)
(0.046 0.00035 -5e-05)
(0.047 0.00035 -5e-05)
(0.048 0.00035 -5e-05)
(0.049 0.00035 -5e-05)
(0.05 0.00035 -5e-05)
(0 0.0004 -5e-05)
(0.001 0.0004 -5e-05)
(0.002 0.0004 -5e-05)
(0.003 0.0004 -5e-05)
(0.004 0.0004 -5e-05)
(0.005 0.0004 -5e-05)
(0.006 0.0004 -5e-05)
(0.007 0.0004 -5e-05)
(0.008 0.0004 -5e-05)
(0.009 0.0004 -5e-05)
(0.01 0.0004 -5e-05)
(0.011 0.0004 -5e-05)
(0.012 0.0004 -5e-05)
(0.013 0.0004 -5e-05)
(0.014 0.0004 -5e-05)
(0.015 0.0004 -5e-05)
(0.016 0.0004 -5e-05)
(0.017 0.0004 -5e-05)
(0.018 0.0004 -5e-05)
(0.019 0.0004 -5e-05)
(0.02 0.0004 -5e-05)
(0.021 0.0004 -5e-05)
(0.022 0.0004 -5e-05)
(0.023 0.0004 -5e-05)
(0.024 0.0004 -5e-05)
(0.025 0.0004 -5e-05)
(0.026 0.0004 -5e-05)
(0.027 0.0004 -5e-05)
(0.028 0.0004 -5e-05)
(0.029 0.0004 -5e-05)
(0.03 0.0004 -5e-05)
(0.031 0.0004 -5e-05)
(0.032 0.0004 -5e-05)
(0.033 0.0004 -5e-05)
(0.034 0.0004 -5e-05)
(0.035 0.0004 -5e-05)
(0.036 0.0004 -5e-05)
(0.037 0.0004 -5e-05)
(0.038 0.0004 -5e-05)
(0.039 0.0004 -5e-05)
(0.04 0.0004 -5e-05)
(0.041 0.0004 -5e-05)
(0.042 0.0004 -5e-05)
(0.043 0.0004 -5e-05)
(0.044 0.0004 -5e-05)
(0.045 0.0004 -5e-05)
(0.046 0.0004 -5e-05)
(0.047 0.0004 -5e-05)
(0.048 0.0004 -5e-05)
(0.049 0.0004 -5e-05)
(0.05 0.0004 -5e-05)
(0 0.00045 -5e-05)
(0.001 0.00045 -5e-05)
(0.002 0.00045 -5e-05)
(0.003 0.00045 -5e-05)
(0.004 0.00045 -5e-05)
(0.005 0.00045 -5e-05)
(0.006 0.00045 -5e-05)
(0.007 0.00045 -5e-05)
(0.008 0.00045 -5e-05)
(0.009 0.00045 -5e-05)
(0.01 0.00045 -5e-05)
(0.011 0.00045 -5e-05)
(0.012 0.00045 -5e-05)
(0.013 0.00045 -5e-05)
(0.014 0.00045 -5e-05)
(0.015 0.00045 -5e-05)
(0.016 0.00045 -5e-05)
(0.017 0.00045 -5e-05)
(0.018 0.00045 -5e-05)
(0.019 0.00045 -5e-05)
(0.02 0.00045 -5e-05)
(0.021 0.00045 -5e-05)
(0.022 0.00045 -5e-05)
(0.023 0.00045 -5e-05)
(0.024 0.00045 -5e-05)
(0.025 0.00045 -5e-05)
(0.026 0.00045 -5e-05)
(0.027 0.00045 -5e-05)
(0.028 0.00045 -5e-05)
(0.029 0.00045 -5e-05)
(0.03 0.00045 -5e-05)
(0.031 0.00045 -5e-05)
(0.032 0.00045 -5e-05)
(0.033 0.00045 -5e-05)
(0.034 0.00045 -5e-05)
(0.035 0.00045 -5e-05)
(0.036 0.00045 -5e-05)
(0.037 0.00045 -5e-05)
(0.038 0.00045 -5e-05)
(0.039 0.00045 -5e-05)
(0.04 0.00045 -5e-05)
(0.041 0.00045 -5e-05)
(0.042 0.00045 -5e-05)
(0.043 0.00045 -5e-05)
(0.044 0.00045 -5e-05)
(0.045 0.00045 -5e-05)
(0.046 0.00045 -5e-05)
(0.047 0.00045 -5e-05)
(0.048 0.00045 -5e-05)
(0.049 0.00045 -5e-05)
(0.05 0.00045 -5e-05)
(0 0.0005 -5e-05)
(0.001 0.0005 -5e-05)
(0.002 0.0005 -5e-05)
(0.003 0.0005 -5e-05)
(0.004 0.0005 -5e-05)
(0.005 0.0005 -5e-05)
(0.006 0.0005 -5e-05)
(0.007 0.0005 -5e-05)
(0.008 0.0005 -5e-05)
(0.009 0.0005 -5e-05)
(0.01 0.0005 -5e-05)
(0.011 0.0005 -5e-05)
(0.012 0.0005 -5e-05)
(0.013 0.0005 -5e-05)
(0.014 0.0005 -5e-05)
(0.015 0.0005 -5e-05)
(0.016 0.0005 -5e-05)
(0.017 0.0005 -5e-05)
(0.018 0.0005 -5e-05)
(0.019 0.0005 -5e-05)
(0.02 0.0005 -5e-05)
(0.021 0.0005 -5e-05)
(0.022 0.0005 -5e-05)
(0.023 0.0005 -5e-05)
(0.024 0.0005 -5e-05)
(0.025 0.0005 -5e-05)
(0.026 0.0005 -5e-05)
(0.027 0.0005 -5e-05)
(0.028 0.0005 -5e-05)
(0.029 0.0005 -5e-05)
(0.03 0.0005 -5e-05)
(0.031 0.0005 -5e-05)
(0.032 0.0005 -5e-05)
(0.033 0.0005 -5e-05)
(0.034 0.0005 -5e-05)
(0.035 0.0005 -5e-05)
(0.036 0.0005 -5e-05)
(0.037 0.0005 -5e-05)
(0.038 0.0005 -5e-05)
(0.039 0.0005 -5e-05)
(0.04 0.0005 -5e-05)
(0.041 0.0005 -5e-05)
(0.042 0.0005 -5e-05)
(0.043 0.0005 -5e-05)
(0.044 0.0005 -5e-05)
(0.045 0.0005 -5e-05)
(0.046 0.0005 -5e-05)
(0.047 0.0005 -5e-05)
(0.048 0.0005 -5e-05)
(0.049 0.0005 -5e-05)
(0.05 0.0005 -5e-05)
(0 0.00055 -5e-05)
(0.001 0.00055 -5e-05)
(0.002 0.00055 -5e-05)
(0.003 0.00055 -5e-05)
(0.004 0.00055 -5e-05)
(0.005 0.00055 -5e-05)
(0.006 0.00055 -5e-05)
(0.007 0.00055 -5e-05)
(0.008 0.00055 -5e-05)
(0.009 0.00055 -5e-05)
(0.01 0.00055 -5e-05)
(0.011 0.00055 -5e-05)
(0.012 0.00055 -5e-05)
(0.013 0.00055 -5e-05)
(0.014 0.00055 -5e-05)
(0.015 0.00055 -5e-05)
(0.016 0.00055 -5e-05)
(0.017 0.00055 -5e-05)
(0.018 0.00055 -5e-05)
(0.019 0.00055 -5e-05)
(0.02 0.00055 -5e-05)
(0.021 0.00055 -5e-05)
(0.022 0.00055 -5e-05)
(0.023 0.00055 -5e-05)
(0.024 0.00055 -5e-05)
(0.025 0.00055 -5e-05)
(0.026 0.00055 -5e-05)
(0.027 0.00055 -5e-05)
(0.028 0.00055 -5e-05)
(0.029 0.00055 -5e-05)
(0.03 0.00055 -5e-05)
(0.031 0.00055 -5e-05)
(0.032 0.00055 -5e-05)
(0.033 0.00055 -5e-05)
(0.034 0.00055 -5e-05)
(0.035 0.00055 -5e-05)
(0.036 0.00055 -5e-05)
(0.037 0.00055 -5e-05)
(0.038 0.00055 -5e-05)
(0.039 0.00055 -5e-05)
(0.04 0.00055 -5e-05)
(0.041 0.00055 -5e-05)
(0.042 0.00055 -5e-05)
(0.043 0.00055 -5e-05)
(0.044 0.00055 -5e-05)
(0.045 0.00055 -5e-05)
(0.046 0.00055 -5e-05)
(0.047 0.00055 -5e-05)
(0.048 0.00055 -5e-05)
(0.049 0.00055 -5e-05)
(0.05 0.00055 -5e-05)
(0 0.0006 -5e-05)
(0.001 0.0006 -5e-05)
(0.002 0.0006 -5e-05)
(0.003 0.0006 -5e-05)
(0.004 0.0006 -5e-05)
(0.005 0.0006 -5e-05)
(0.006 0.0006 -5e-05)
(0.007 0.0006 -5e-05)
(0.008 0.0006 -5e-05)
(0.009 0.0006 -5e-05)
(0.01 0.0006 -5e-05)
(0.011 0.0006 -5e-05)
(0.012 0.0006 -5e-05)
(0.013 0.0006 -5e-05)
(0.014 0.0006 -5e-05)
(0.015 0.0006 -5e-05)
(0.016 0.0006 -5e-05)
(0.017 0.0006 -5e-05)
(0.018 0.0006 -5e-05)
(0.019 0.0006 -5e-05)
(0.02 0.0006 -5e-05)
(0.021 0.0006 -5e-05)
(0.022 0.0006 -5e-05)
(0.023 0.0006 -5e-05)
(0.024 0.0006 -5e-05)
(0.025 0.0006 -5e-05)
(0.026 0.0006 -5e-05)
(0.027 0.0006 -5e-05)
(0.028 0.0006 -5e-05)
(0.029 0.0006 -5e-05)
(0.03 0.0006 -5e-05)
(0.031 0.0006 -5e-05)
(0.032 0.0006 -5e-05)
(0.033 0.0006 -5e-05)
(0.034 0.0006 -5e-05)
(0.035 0.0006 -5e-05)
(0.036 0.0006 -5e-05)
(0.037 0.0006 -5e-05)
(0.038 0.0006 -5e-05)
(0.039 0.0006 -5e-05)
(0.04 0.0006 -5e-05)
(0.041 0.0006 -5e-05)
(0.042 0.0006 -5e-05)
(0.043 0.0006 -5e-05)
(0.044 0.0006 -5e-05)
(0.045 0.0006 -5e-05)
(0.046 0.0006 -5e-05)
(0.047 0.0006 -5e-05)
(0.048 0.0006 -5e-05)
(0.049 0.0006 -5e-05)
(0.05 0.0006 -5e-05)
(0 0.00065 -5e-05)
(0.001 0.00065 -5e-05)
(0.002 0.00065 -5e-05)
(0.003 0.00065 -5e-05)
(0.004 0.00065 -5e-05)
(0.005 0.00065 -5e-05)
(0.006 0.00065 -5e-05)
(0.007 0.00065 -5e-05)
(0.008 0.00065 -5e-05)
(0.009 0.00065 -5e-05)
(0.01 0.00065 -5e-05)
(0.011 0.00065 -5e-05)
(0.012 0.00065 -5e-05)
(0.013 0.00065 -5e-05)
(0.014 0.00065 -5e-05)
(0.015 0.00065 -5e-05)
(0.016 0.00065 -5e-05)
(0.017 0.00065 -5e-05)
(0.018 0.00065 -5e-05)
(0.019 0.00065 -5e-05)
(0.02 0.00065 -5e-05)
(0.021 0.00065 -5e-05)
(0.022 0.00065 -5e-05)
(0.023 0.00065 -5e-05)
(0.024 0.00065 -5e-05)
(0.025 0.00065 -5e-05)
(0.026 0.00065 -5e-05)
(0.027 0.00065 -5e-05)
(0.028 0.00065 -5e-05)
(0.029 0.00065 -5e-05)
(0.03 0.00065 -5e-05)
(0.031 0.00065 -5e-05)
(0.032 0.00065 -5e-05)
(0.033 0.00065 -5e-05)
(0.034 0.00065 -5e-05)
(0.035 0.00065 -5e-05)
(0.036 0.00065 -5e-05)
(0.037 0.00065 -5e-05)
(0.038 0.00065 -5e-05)
(0.039 0.00065 -5e-05)
(0.04 0.00065 -5e-05)
(0.041 0.00065 -5e-05)
(0.042 0.00065 -5e-05)
(0.043 0.00065 -5e-05)
(0.044 0.00065 -5e-05)
(0.045 0.00065 -5e-05)
(0.046 0.00065 -5e-05)
(0.047 0.00065 -5e-05)
(0.048 0.00065 -5e-05)
(0.049 0.00065 -5e-05)
(0.05 0.00065 -5e-05)
(0 0.0007 -5e-05)
(0.001 0.0007 -5e-05)
(0.002 0.0007 -5e-05)
(0.003 0.0007 -5e-05)
(0.004 0.0007 -5e-05)
(0.005 0.0007 -5e-05)
(0.006 0.0007 -5e-05)
(0.007 0.0007 -5e-05)
(0.008 0.0007 -5e-05)
(0.009 0.0007 -5e-05)
(0.01 0.0007 -5e-05)
(0.011 0.0007 -5e-05)
(0.012 0.0007 -5e-05)
(0.013 0.0007 -5e-05)
(0.014 0.0007 -5e-05)
(0.015 0.0007 -5e-05)
(0.016 0.0007 -5e-05)
(0.017 0.0007 -5e-05)
(0.018 0.0007 -5e-05)
(0.019 0.0007 -5e-05)
(0.02 0.0007 -5e-05)
(0.021 0.0007 -5e-05)
(0.022 0.0007 -5e-05)
(0.023 0.0007 -5e-05)
(0.024 0.0007 -5e-05)
(0.025 0.0007 -5e-05)
(0.026 0.0007 -5e-05)
(0.027 0.0007 -5e-05)
(0.028 0.0007 -5e-05)
(0.029 0.0007 -5e-05)
(0.03 0.0007 -5e-05)
(0.031 0.0007 -5e-05)
(0.032 0.0007 -5e-05)
(0.033 0.0007 -5e-05)
(0.034 0.0007 -5e-05)
(0.035 0.0007 -5e-05)
(0.036 0.0007 -5e-05)
(0.037 0.0007 -5e-05)
(0.038 0.0007 -5e-05)
(0.039 0.0007 -5e-05)
(0.04 0.0007 -5e-05)
(0.041 0.0007 -5e-05)
(0.042 0.0007 -5e-05)
(0.043 0.0007 -5e-05)
(0.044 0.0007 -5e-05)
(0.045 0.0007 -5e-05)
(0.046 0.0007 -5e-05)
(0.047 0.0007 -5e-05)
(0.048 0.0007 -5e-05)
(0.049 0.0007 -5e-05)
(0.05 0.0007 -5e-05)
(0 0.00075 -5e-05)
(0.001 0.00075 -5e-05)
(0.002 0.00075 -5e-05)
(0.003 0.00075 -5e-05)
(0.004 0.00075 -5e-05)
(0.005 0.00075 -5e-05)
(0.006 0.00075 -5e-05)
(0.007 0.00075 -5e-05)
(0.008 0.00075 -5e-05)
(0.009 0.00075 -5e-05)
(0.01 0.00075 -5e-05)
(0.011 0.00075 -5e-05)
(0.012 0.00075 -5e-05)
(0.013 0.00075 -5e-05)
(0.014 0.00075 -5e-05)
(0.015 0.00075 -5e-05)
(0.016 0.00075 -5e-05)
(0.017 0.00075 -5e-05)
(0.018 0.00075 -5e-05)
(0.019 0.00075 -5e-05)
(0.02 0.00075 -5e-05)
(0.021 0.00075 -5e-05)
(0.022 0.00075 -5e-05)
(0.023 0.00075 -5e-05)
(0.024 0.00075 -5e-05)
(0.025 0.00075 -5e-05)
(0.026 0.00075 -5e-05)
(0.027 0.00075 -5e-05)
(0.028 0.00075 -5e-05)
(0.029 0.00075 -5e-05)
(0.03 0.00075 -5e-05)
(0.031 0.00075 -5e-05)
(0.032 0.00075 -5e-05)
(0.033 0.00075 -5e-05)
(0.034 0.00075 -5e-05)
(0.035 0.00075 -5e-05)
(0.036 0.00075 -5e-05)
(0.037 0.00075 -5e-05)
(0.038 0.00075 -5e-05)
(0.039 0.00075 -5e-05)
(0.04 0.00075 -5e-05)
(0.041 0.00075 -5e-05)
(0.042 0.00075 -5e-05)
(0.043 0.00075 -5e-05)
(0.044 0.00075 -5e-05)
(0.045 0.00075 -5e-05)
(0.046 0.00075 -5e-05)
(0.047 0.00075 -5e-05)
(0.048 0.00075 -5e-05)
(0.049 0.00075 -5e-05)
(0.05 0.00075 -5e-05)
(0 0.0008 -5e-05)
(0.001 0.0008 -5e-05)
(0.002 0.0008 -5e-05)
(0.003 0.0008 -5e-05)
(0.004 0.0008 -5e-05)
(0.005 0.0008 -5e-05)
(0.006 0.0008 -5e-05)
(0.007 0.0008 -5e-05)
(0.008 0.0008 -5e-05)
(0.009 0.0008 -5e-05)
(0.01 0.0008 -5e-05)
(0.011 0.0008 -5e-05)
(0.012 0.0008 -5e-05)
(0.013 0.0008 -5e-05)
(0.014 0.0008 -5e-05)
(0.015 0.0008 -5e-05)
(0.016 0.0008 -5e-05)
(0.017 0.0008 -5e-05)
(0.018 0.0008 -5e-05)
(0.019 0.0008 -5e-05)
(0.02 0.0008 -5e-05)
(0.021 0.0008 -5e-05)
(0.022 0.0008 -5e-05)
(0.023 0.0008 -5e-05)
(0.024 0.0008 -5e-05)
(0.025 0.0008 -5e-05)
(0.026 0.0008 -5e-05)
(0.027 0.0008 -5e-05)
(0.028 0.0008 -5e-05)
(0.029 0.0008 -5e-05)
(0.03 0.0008 -5e-05)
(0.031 0.0008 -5e-05)
(0.032 0.0008 -5e-05)
(0.033 0.0008 -5e-05)
(0.034 0.0008 -5e-05)
(0.035 0.0008 -5e-05)
(0.036 0.0008 -5e-05)
(0.037 0.0008 -5e-05)
(0.038 0.0008 -5e-05)
(0.039 0.0008 -5e-05)
(0.04 0.0008 -5e-05)
(0.041 0.0008 -5e-05)
(0.042 0.0008 -5e-05)
(0.043 0.0008 -5e-05)
(0.044 0.0008 -5e-05)
(0.045 0.0008 -5e-05)
(0.046 0.0008 -5e-05)
(0.047 0.0008 -5e-05)
(0.048 0.0008 -5e-05)
(0.049 0.0008 -5e-05)
(0.05 0.0008 -5e-05)
(0 0.00085 -5e-05)
(0.001 0.00085 -5e-05)
(0.002 0.00085 -5e-05)
(0.003 0.00085 -5e-05)
(0.004 0.00085 -5e-05)
(0.005 0.00085 -5e-05)
(0.006 0.00085 -5e-05)
(0.007 0.00085 -5e-05)
(0.008 0.00085 -5e-05)
(0.009 0.00085 -5e-05)
(0.01 0.00085 -5e-05)
(0.011 0.00085 -5e-05)
(0.012 0.00085 -5e-05)
(0.013 0.00085 -5e-05)
(0.014 0.00085 -5e-05)
(0.015 0.00085 -5e-05)
(0.016 0.00085 -5e-05)
(0.017 0.00085 -5e-05)
(0.018 0.00085 -5e-05)
(0.019 0.00085 -5e-05)
(0.02 0.00085 -5e-05)
(0.021 0.00085 -5e-05)
(0.022 0.00085 -5e-05)
(0.023 0.00085 -5e-05)
(0.024 0.00085 -5e-05)
(0.025 0.00085 -5e-05)
(0.026 0.00085 -5e-05)
(0.027 0.00085 -5e-05)
(0.028 0.00085 -5e-05)
(0.029 0.00085 -5e-05)
(0.03 0.00085 -5e-05)
(0.031 0.00085 -5e-05)
(0.032 0.00085 -5e-05)
(0.033 0.00085 -5e-05)
(0.034 0.00085 -5e-05)
(0.035 0.00085 -5e-05)
(0.036 0.00085 -5e-05)
(0.037 0.00085 -5e-05)
(0.038 0.00085 -5e-05)
(0.039 0.00085 -5e-05)
(0.04 0.00085 -5e-05)
(0.041 0.00085 -5e-05)
(0.042 0.00085 -5e-05)
(0.043 0.00085 -5e-05)
(0.044 0.00085 -5e-05)
(0.045 0.00085 -5e-05)
(0.046 0.00085 -5e-05)
(0.047 0.00085 -5e-05)
(0.048 0.00085 -5e-05)
(0.049 0.00085 -5e-05)
(0.05 0.00085 -5e-05)
(0 0.0009 -5e-05)
(0.001 0.0009 -5e-05)
(0.002 0.0009 -5e-05)
(0.003 0.0009 -5e-05)
(0.004 0.0009 -5e-05)
(0.005 0.0009 -5e-05)
(0.006 0.0009 -5e-05)
(0.007 0.0009 -5e-05)
(0.008 0.0009 -5e-05)
(0.009 0.0009 -5e-05)
(0.01 0.0009 -5e-05)
(0.011 0.0009 -5e-05)
(0.012 0.0009 -5e-05)
(0.013 0.0009 -5e-05)
(0.014 0.0009 -5e-05)
(0.015 0.0009 -5e-05)
(0.016 0.0009 -5e-05)
(0.017 0.0009 -5e-05)
(0.018 0.0009 -5e-05)
(0.019 0.0009 -5e-05)
(0.02 0.0009 -5e-05)
(0.021 0.0009 -5e-05)
(0.022 0.0009 -5e-05)
(0.023 0.0009 -5e-05)
(0.024 0.0009 -5e-05)
(0.025 0.0009 -5e-05)
(0.026 0.0009 -5e-05)
(0.027 0.0009 -5e-05)
(0.028 0.0009 -5e-05)
(0.029 0.0009 -5e-05)
(0.03 0.0009 -5e-05)
(0.031 0.0009 -5e-05)
(0.032 0.0009 -5e-05)
(0.033 0.0009 -5e-05)
(0.034 0.0009 -5e-05)
(0.035 0.0009 -5e-05)
(0.036 0.0009 -5e-05)
(0.037 0.0009 -5e-05)
(0.038 0.0009 -5e-05)
(0.039 0.0009 -5e-05)
(0.04 0.0009 -5e-05)
(0.041 0.0009 -5e-05)
(0.042 0.0009 -5e-05)
(0.043 0.0009 -5e-05)
(0.044 0.0009 -5e-05)
(0.045 0.0009 -5e-05)
(0.046 0.0009 -5e-05)
(0.047 0.0009 -5e-05)
(0.048 0.0009 -5e-05)
(0.049 0.0009 -5e-05)
(0.05 0.0009 -5e-05)
(0 0.00095 -5e-05)
(0.001 0.00095 -5e-05)
(0.002 0.00095 -5e-05)
(0.003 0.00095 -5e-05)
(0.004 0.00095 -5e-05)
(0.005 0.00095 -5e-05)
(0.006 0.00095 -5e-05)
(0.007 0.00095 -5e-05)
(0.008 0.00095 -5e-05)
(0.009 0.00095 -5e-05)
(0.01 0.00095 -5e-05)
(0.011 0.00095 -5e-05)
(0.012 0.00095 -5e-05)
(0.013 0.00095 -5e-05)
(0.014 0.00095 -5e-05)
(0.015 0.00095 -5e-05)
(0.016 0.00095 -5e-05)
(0.017 0.00095 -5e-05)
(0.018 0.00095 -5e-05)
(0.019 0.00095 -5e-05)
(0.02 0.00095 -5e-05)
(0.021 0.00095 -5e-05)
(0.022 0.00095 -5e-05)
(0.023 0.00095 -5e-05)
(0.024 0.00095 -5e-05)
(0.025 0.00095 -5e-05)
(0.026 0.00095 -5e-05)
(0.027 0.00095 -5e-05)
(0.028 0.00095 -5e-05)
(0.029 0.00095 -5e-05)
(0.03 0.00095 -5e-05)
(0.031 0.00095 -5e-05)
(0.032 0.00095 -5e-05)
(0.033 0.00095 -5e-05)
(0.034 0.00095 -5e-05)
(0.035 0.00095 -5e-05)
(0.036 0.00095 -5e-05)
(0.037 0.00095 -5e-05)
(0.038 0.00095 -5e-05)
(0.039 0.00095 -5e-05)
(0.04 0.00095 -5e-05)
(0.041 0.00095 -5e-05)
(0.042 0.00095 -5e-05)
(0.043 0.00095 -5e-05)
(0.044 0.00095 -5e-05)
(0.045 0.00095 -5e-05)
(0.046 0.00095 -5e-05)
(0.047 0.00095 -5e-05)
(0.048 0.00095 -5e-05)
(0.049 0.00095 -5e-05)
(0.05 0.00095 -5e-05)
(0 0.001 -5e-05)
(0.001 0.001 -5e-05)
(0.002 0.001 -5e-05)
(0.003 0.001 -5e-05)
(0.004 0.001 -5e-05)
(0.005 0.001 -5e-05)
(0.006 0.001 -5e-05)
(0.007 0.001 -5e-05)
(0.008 0.001 -5e-05)
(0.009 0.001 -5e-05)
(0.01 0.001 -5e-05)
(0.011 0.001 -5e-05)
(0.012 0.001 -5e-05)
(0.013 0.001 -5e-05)
(0.014 0.001 -5e-05)
(0.015 0.001 -5e-05)
(0.016 0.001 -5e-05)
(0.017 0.001 -5e-05)
(0.018 0.001 -5e-05)
(0.019 0.001 -5e-05)
(0.02 0.001 -5e-05)
(0.021 0.001 -5e-05)
(0.022 0.001 -5e-05)
(0.023 0.001 -5e-05)
(0.024 0.001 -5e-05)
(0.025 0.001 -5e-05)
(0.026 0.001 -5e-05)
(0.027 0.001 -5e-05)
(0.028 0.001 -5e-05)
(0.029 0.001 -5e-05)
(0.03 0.001 -5e-05)
(0.031 0.001 -5e-05)
(0.032 0.001 -5e-05)
(0.033 0.001 -5e-05)
(0.034 0.001 -5e-05)
(0.035 0.001 -5e-05)
(0.036 0.001 -5e-05)
(0.037 0.001 -5e-05)
(0.038 0.001 -5e-05)
(0.039 0.001 -5e-05)
(0.04 0.001 -5e-05)
(0.041 0.001 -5e-05)
(0.042 0.001 -5e-05)
(0.043 0.001 -5e-05)
(0.044 0.001 -5e-05)
(0.045 0.001 -5e-05)
(0.046 0.001 -5e-05)
(0.047 0.001 -5e-05)
(0.048 0.001 -5e-05)
(0.049 0.001 -5e-05)
(0.05 0.001 -5e-05)
(0 0 5e-05)
(0.001 0 5e-05)
(0.002 0 5e-05)
(0.003 0 5e-05)
(0.004 0 5e-05)
(0.005 0 5e-05)
(0.006 0 5e-05)
(0.007 0 5e-05)
(0.008 0 5e-05)
(0.009 0 5e-05)
(0.01 0 5e-05)
(0.011 0 5e-05)
(0.012 0 5e-05)
(0.013 0 5e-05)
(0.014 0 5e-05)
(0.015 0 5e-05)
(0.016 0 5e-05)
(0.017 0 5e-05)
(0.018 0 5e-05)
(0.019 0 5e-05)
(0.02 0 5e-05)
(0.021 0 5e-05)
(0.022 0 5e-05)
(0.023 0 5e-05)
(0.024 0 5e-05)
(0.025 0 5e-05)
(0.026 0 5e-05)
(0.027 0 5e-05)
(0.028 0 5e-05)
(0.029 0 5e-05)
(0.03 0 5e-05)
(0.031 0 5e-05)
(0.032 0 5e-05)
(0.033 0 5e-05)
(0.034 0 5e-05)
(0.035 0 5e-05)
(0.036 0 5e-05)
(0.037 0 5e-05)
(0.038 0 5e-05)
(0.039 0 5e-05)
(0.04 0 5e-05)
(0.041 0 5e-05)
(0.042 0 5e-05)
(0.043 0 5e-05)
(0.044 0 5e-05)
(0.045 0 5e-05)
(0.046 0 5e-05)
(0.047 0 5e-05)
(0.048 0 5e-05)
(0.049 0 5e-05)
(0.05 0 5e-05)
(0 5e-05 5e-05)
(0.001 5e-05 5e-05)
(0.002 5e-05 5e-05)
(0.003 5e-05 5e-05)
(0.004 5e-05 5e-05)
(0.005 5e-05 5e-05)
(0.006 5e-05 5e-05)
(0.007 5e-05 5e-05)
(0.008 5e-05 5e-05)
(0.009 5e-05 5e-05)
(0.01 5e-05 5e-05)
(0.011 5e-05 5e-05)
(0.012 5e-05 5e-05)
(0.013 5e-05 5e-05)
(0.014 5e-05 5e-05)
(0.015 5e-05 5e-05)
(0.016 5e-05 5e-05)
(0.017 5e-05 5e-05)
(0.018 5e-05 5e-05)
(0.019 5e-05 5e-05)
(0.02 5e-05 5e-05)
(0.021 5e-05 5e-05)
(0.022 5e-05 5e-05)
(0.023 5e-05 5e-05)
(0.024 5e-05 5e-05)
(0.025 5e-05 5e-05)
(0.026 5e-05 5e-05)
(0.027 5e-05 5e-05)
(0.028 5e-05 5e-05)
(0.029 5e-05 5e-05)
(0.03 5e-05 5e-05)
(0.031 5e-05 5e-05)
(0.032 5e-05 5e-05)
(0.033 5e-05 5e-05)
(0.034 5e-05 5e-05)
(0.035 5e-05 5e-05)
(0.036 5e-05 5e-05)
(0.037 5e-05 5e-05)
(0.038 5e-05 5e-05)
(0.039 5e-05 5e-05)
(0.04 5e-05 5e-05)
(0.041 5e-05 5e-05)
(0.042 5e-05 5e-05)
(0.043 5e-05 5e-05)
(0.044 5e-05 5e-05)
(0.045 5e-05 5e-05)
(0.046 5e-05 5e-05)
(0.047 5e-05 5e-05)
(0.048 5e-05 5e-05)
(0.049 5e-05 5e-05)
(0.05 5e-05 5e-05)
(0 0.0001 5e-05)
(0.001 0.0001 5e-05)
(0.002 0.0001 5e-05)
(0.003 0.0001 5e-05)
(0.004 0.0001 5e-05)
(0.005 0.0001 5e-05)
(0.006 0.0001 5e-05)
(0.007 0.0001 5e-05)
(0.008 0.0001 5e-05)
(0.009 0.0001 5e-05)
(0.01 0.0001 5e-05)
(0.011 0.0001 5e-05)
(0.012 0.0001 5e-05)
(0.013 0.0001 5e-05)
(0.014 0.0001 5e-05)
(0.015 0.0001 5e-05)
(0.016 0.0001 5e-05)
(0.017 0.0001 5e-05)
(0.018 0.0001 5e-05)
(0.019 0.0001 5e-05)
(0.02 0.0001 5e-05)
(0.021 0.0001 5e-05)
(0.022 0.0001 5e-05)
(0.023 0.0001 5e-05)
(0.024 0.0001 5e-05)
(0.025 0.0001 5e-05)
(0.026 0.0001 5e-05)
(0.027 0.0001 5e-05)
(0.028 0.0001 5e-05)
(0.029 0.0001 5e-05)
(0.03 0.0001 5e-05)
(0.031 0.0001 5e-05)
(0.032 0.0001 5e-05)
(0.033 0.0001 5e-05)
(0.034 0.0001 5e-05)
(0.035 0.0001 5e-05)
(0.036 0.0001 5e-05)
(0.037 0.0001 5e-05)
(0.038 0.0001 5e-05)
(0.039 0.0001 5e-05)
(0.04 0.0001 5e-05)
(0.041 0.0001 5e-05)
(0.042 0.0001 5e-05)
(0.043 0.0001 5e-05)
(0.044 0.0001 5e-05)
(0.045 0.0001 5e-05)
(0.046 0.0001 5e-05)
(0.047 0.0001 5e-05)
(0.048 0.0001 5e-05)
(0.049 0.0001 5e-05)
(0.05 0.0001 5e-05)
(0 0.00015 5e-05)
(0.001 0.00015 5e-05)
(0.002 0.00015 5e-05)
(0.003 0.00015 5e-05)
(0.004 0.00015 5e-05)
(0.005 0.00015 5e-05)
(0.006 0.00015 5e-05)
(0.007 0.00015 5e-05)
(0.008 0.00015 5e-05)
(0.009 0.00015 5e-05)
(0.01 0.00015 5e-05)
(0.011 0.00015 5e-05)
(0.012 0.00015 5e-05)
(0.013 0.00015 5e-05)
(0.014 0.00015 5e-05)
(0.015 0.00015 5e-05)
(0.016 0.00015 5e-05)
(0.017 0.00015 5e-05)
(0.018 0.00015 5e-05)
(0.019 0.00015 5e-05)
(0.02 0.00015 5e-05)
(0.021 0.00015 5e-05)
(0.022 0.00015 5e-05)
(0.023 0.00015 5e-05)
(0.024 0.00015 5e-05)
(0.025 0.00015 5e-05)
(0.026 0.00015 5e-05)
(0.027 0.00015 5e-05)
(0.028 0.00015 5e-05)
(0.029 0.00015 5e-05)
(0.03 0.00015 5e-05)
(0.031 0.00015 5e-05)
(0.032 0.00015 5e-05)
(0.033 0.00015 5e-05)
(0.034 0.00015 5e-05)
(0.035 0.00015 5e-05)
(0.036 0.00015 5e-05)
(0.037 0.00015 5e-05)
(0.038 0.00015 5e-05)
(0.039 0.00015 5e-05)
(0.04 0.00015 5e-05)
(0.041 0.00015 5e-05)
(0.042 0.00015 5e-05)
(0.043 0.00015 5e-05)
(0.044 0.00015 5e-05)
(0.045 0.00015 5e-05)
(0.046 0.00015 5e-05)
(0.047 0.00015 5e-05)
(0.048 0.00015 5e-05)
(0.049 0.00015 5e-05)
(0.05 0.00015 5e-05)
(0 0.0002 5e-05)
(0.001 0.0002 5e-05)
(0.002 0.0002 5e-05)
(0.003 0.0002 5e-05)
(0.004 0.0002 5e-05)
(0.005 0.0002 5e-05)
(0.006 0.0002 5e-05)
(0.007 0.0002 5e-05)
(0.008 0.0002 5e-05)
(0.009 0.0002 5e-05)
(0.01 0.0002 5e-05)
(0.011 0.0002 5e-05)
(0.012 0.0002 5e-05)
(0.013 0.0002 5e-05)
(0.014 0.0002 5e-05)
(0.015 0.0002 5e-05)
(0.016 0.0002 5e-05)
(0.017 0.0002 5e-05)
(0.018 0.0002 5e-05)
(0.019 0.0002 5e-05)
(0.02 0.0002 5e-05)
(0.021 0.0002 5e-05)
(0.022 0.0002 5e-05)
(0.023 0.0002 5e-05)
(0.024 0.0002 5e-05)
(0.025 0.0002 5e-05)
(0.026 0.0002 5e-05)
(0.027 0.0002 5e-05)
(0.028 0.0002 5e-05)
(0.029 0.0002 5e-05)
(0.03 0.0002 5e-05)
(0.031 0.0002 5e-05)
(0.032 0.0002 5e-05)
(0.033 0.0002 5e-05)
(0.034 0.0002 5e-05)
(0.035 0.0002 5e-05)
(0.036 0.0002 5e-05)
(0.037 0.0002 5e-05)
(0.038 0.0002 5e-05)
(0.039 0.0002 5e-05)
(0.04 0.0002 5e-05)
(0.041 0.0002 5e-05)
(0.042 0.0002 5e-05)
(0.043 0.0002 5e-05)
(0.044 0.0002 5e-05)
(0.045 0.0002 5e-05)
(0.046 0.0002 5e-05)
(0.047 0.0002 5e-05)
(0.048 0.0002 5e-05)
(0.049 0.0002 5e-05)
(0.05 0.0002 5e-05)
(0 0.00025 5e-05)
(0.001 0.00025 5e-05)
(0.002 0.00025 5e-05)
(0.003 0.00025 5e-05)
(0.004 0.00025 5e-05)
(0.005 0.00025 5e-05)
(0.006 0.00025 5e-05)
(0.007 0.00025 5e-05)
(0.008 0.00025 5e-05)
(0.009 0.00025 5e-05)
(0.01 0.00025 5e-05)
(0.011 0.00025 5e-05)
(0.012 0.00025 5e-05)
(0.013 0.00025 5e-05)
(0.014 0.00025 5e-05)
(0.015 0.00025 5e-05)
(0.016 0.00025 5e-05)
(0.017 0.00025 5e-05)
(0.018 0.00025 5e-05)
(0.019 0.00025 5e-05)
(0.02 0.00025 5e-05)
(0.021 0.00025 5e-05)
(0.022 0.00025 5e-05)
(0.023 0.00025 5e-05)
(0.024 0.00025 5e-05)
(0.025 0.00025 5e-05)
(0.026 0.00025 5e-05)
(0.027 0.00025 5e-05)
(0.028 0.00025 5e-05)
(0.029 0.00025 5e-05)
(0.03 0.00025 5e-05)
(0.031 0.00025 5e-05)
(0.032 0.00025 5e-05)
(0.033 0.00025 5e-05)
(0.034 0.00025 5e-05)
(0.035 0.00025 5e-05)
(0.036 0.00025 5e-05)
(0.037 0.00025 5e-05)
(0.038 0.00025 5e-05)
(0.039 0.00025 5e-05)
(0.04 0.00025 5e-05)
(0.041 0.00025 5e-05)
(0.042 0.00025 5e-05)
(0.043 0.00025 5e-05)
(0.044 0.00025 5e-05)
(0.045 0.00025 5e-05)
(0.046 0.00025 5e-05)
(0.047 0.00025 5e-05)
(0.048 0.00025 5e-05)
(0.049 0.00025 5e-05)
(0.05 0.00025 5e-05)
(0 0.0003 5e-05)
(0.001 0.0003 5e-05)
(0.002 0.0003 5e-05)
(0.003 0.0003 5e-05)
(0.004 0.0003 5e-05)
(0.005 0.0003 5e-05)
(0.006 0.0003 5e-05)
(0.007 0.0003 5e-05)
(0.008 0.0003 5e-05)
(0.009 0.0003 5e-05)
(0.01 0.0003 5e-05)
(0.011 0.0003 5e-05)
(0.012 0.0003 5e-05)
(0.013 0.0003 5e-05)
(0.014 0.0003 5e-05)
(0.015 0.0003 5e-05)
(0.016 0.0003 5e-05)
(0.017 0.0003 5e-05)
(0.018 0.0003 5e-05)
(0.019 0.0003 5e-05)
(0.02 0.0003 5e-05)
(0.021 0.0003 5e-05)
(0.022 0.0003 5e-05)
(0.023 0.0003 5e-05)
(0.024 0.0003 5e-05)
(0.025 0.0003 5e-05)
(0.026 0.0003 5e-05)
(0.027 0.0003 5e-05)
(0.028 0.0003 5e-05)
(0.029 0.0003 5e-05)
(0.03 0.0003 5e-05)
(0.031 0.0003 5e-05)
(0.032 0.0003 5e-05)
(0.033 0.0003 5e-05)
(0.034 0.0003 5e-05)
(0.035 0.0003 5e-05)
(0.036 0.0003 5e-05)
(0.037 0.0003 5e-05)
(0.038 0.0003 5e-05)
(0.039 0.0003 5e-05)
(0.04 0.0003 5e-05)
(0.041 0.0003 5e-05)
(0.042 0.0003 5e-05)
(0.043 0.0003 5e-05)
(0.044 0.0003 5e-05)
(0.045 0.0003 5e-05)
(0.046 0.0003 5e-05)
(0.047 0.0003 5e-05)
(0.048 0.0003 5e-05)
(0.049 0.0003 5e-05)
(0.05 0.0003 5e-05)
(0 0.00035 5e-05)
(0.001 0.00035 5e-05)
(0.002 0.00035 5e-05)
(0.003 0.00035 5e-05)
(0.004 0.00035 5e-05)
(0.005 0.00035 5e-05)
(0.006 0.00035 5e-05)
(0.007 0.00035 5e-05)
(0.008 0.00035 5e-05)
(0.009 0.00035 5e-05)
(0.01 0.00035 5e-05)
(0.011 0.00035 5e-05)
(0.012 0.00035 5e-05)
(0.013 0.00035 5e-05)
(0.014 0.00035 5e-05)
(0.015 0.00035 5e-05)
(0.016 0.00035 5e-05)
(0.017 0.00035 5e-05)
(0.018 0.00035 5e-05)
(0.019 0.00035 5e-05)
(0.02 0.00035 5e-05)
(0.021 0.00035 5e-05)
(0.022 0.00035 5e-05)
(0.023 0.00035 5e-05)
(0.024 0.00035 5e-05)
(0.025 0.00035 5e-05)
(0.026 0.00035 5e-05)
(0.027 0.00035 5e-05)
(0.028 0.00035 5e-05)
(0.029 0.00035 5e-05)
(0.03 0.00035 5e-05)
(0.031 0.00035 5e-05)
(0.032 0.00035 5e-05)
(0.033 0.00035 5e-05)
(0.034 0.00035 5e-05)
(0.035 0.00035 5e-05)
(0.036 0.00035 5e-05)
(0.037 0.00035 5e-05)
(0.038 0.00035 5e-05)
(0.039 0.00035 5e-05)
(0.04 0.00035 5e-05)
(0.041 0.00035 5e-05)
(0.042 0.00035 5e-05)
(0.043 0.00035 5e-05)
(0.044 0.00035 5e-05)
(0.045 0.00035 5e-05)
(0.046 0.00035 5e-05)
(0.047 0.00035 5e-05)
(0.048 0.00035 5e-05)
(0.049 0.00035 5e-05)
(0.05 0.00035 5e-05)
(0 0.0004 5e-05)
(0.001 0.0004 5e-05)
(0.002 0.0004 5e-05)
(0.003 0.0004 5e-05)
(0.004 0.0004 5e-05)
(0.005 0.0004 5e-05)
(0.006 0.0004 5e-05)
(0.007 0.0004 5e-05)
(0.008 0.0004 5e-05)
(0.009 0.0004 5e-05)
(0.01 0.0004 5e-05)
(0.011 0.0004 5e-05)
(0.012 0.0004 5e-05)
(0.013 0.0004 5e-05)
(0.014 0.0004 5e-05)
(0.015 0.0004 5e-05)
(0.016 0.0004 5e-05)
(0.017 0.0004 5e-05)
(0.018 0.0004 5e-05)
(0.019 0.0004 5e-05)
(0.02 0.0004 5e-05)
(0.021 0.0004 5e-05)
(0.022 0.0004 5e-05)
(0.023 0.0004 5e-05)
(0.024 0.0004 5e-05)
(0.025 0.0004 5e-05)
(0.026 0.0004 5e-05)
(0.027 0.0004 5e-05)
(0.028 0.0004 5e-05)
(0.029 0.0004 5e-05)
(0.03 0.0004 5e-05)
(0.031 0.0004 5e-05)
(0.032 0.0004 5e-05)
(0.033 0.0004 5e-05)
(0.034 0.0004 5e-05)
(0.035 0.0004 5e-05)
(0.036 0.0004 5e-05)
(0.037 0.0004 5e-05)
(0.038 0.0004 5e-05)
(0.039 0.0004 5e-05)
(0.04 0.0004 5e-05)
(0.041 0.0004 5e-05)
(0.042 0.0004 5e-05)
(0.043 0.0004 5e-05)
(0.044 0.0004 5e-05)
(0.045 0.0004 5e-05)
(0.046 0.0004 5e-05)
(0.047 0.0004 5e-05)
(0.048 0.0004 5e-05)
(0.049 0.0004 5e-05)
(0.05 0.0004 5e-05)
(0 0.00045 5e-05)
(0.001 0.00045 5e-05)
(0.002 0.00045 5e-05)
(0.003 0.00045 5e-05)
(0.004 0.00045 5e-05)
(0.005 0.00045 5e-05)
(0.006 0.00045 5e-05)
(0.007 0.00045 5e-05)
(0.008 0.00045 5e-05)
(0.009 0.00045 5e-05)
(0.01 0.00045 5e-05)
(0.011 0.00045 5e-05)
(0.012 0.00045 5e-05)
(0.013 0.00045 5e-05)
(0.014 0.00045 5e-05)
(0.015 0.00045 5e-05)
(0.016 0.00045 5e-05)
(0.017 0.00045 5e-05)
(0.018 0.00045 5e-05)
(0.019 0.00045 5e-05)
(0.02 0.00045 5e-05)
(0.021 0.00045 5e-05)
(0.022 0.00045 5e-05)
(0.023 0.00045 5e-05)
(0.024 0.00045 5e-05)
(0.025 0.00045 5e-05)
(0.026 0.00045 5e-05)
(0.027 0.00045 5e-05)
(0.028 0.00045 5e-05)
(0.029 0.00045 5e-05)
(0.03 0.00045 5e-05)
(0.031 0.00045 5e-05)
(0.032 0.00045 5e-05)
(0.033 0.00045 5e-05)
(0.034 0.00045 5e-05)
(0.035 0.00045 5e-05)
(0.036 0.00045 5e-05)
(0.037 0.00045 5e-05)
(0.038 0.00045 5e-05)
(0.039 0.00045 5e-05)
(0.04 0.00045 5e-05)
(0.041 0.00045 5e-05)
(0.042 0.00045 5e-05)
(0.043 0.00045 5e-05)
(0.044 0.00045 5e-05)
(0.045 0.00045 5e-05)
(0.046 0.00045 5e-05)
(0.047 0.00045 5e-05)
(0.048 0.00045 5e-05)
(0.049 0.00045 5e-05)
(0.05 0.00045 5e-05)
(0 0.0005 5e-05)
(0.001 0.0005 5e-05)
(0.002 0.0005 5e-05)
(0.003 0.0005 5e-05)
(0.004 0.0005 5e-05)
(0.005 0.0005 5e-05)
(0.006 0.0005 5e-05)
(0.007 0.0005 5e-05)
(0.008 0.0005 5e-05)
(0.009 0.0005 5e-05)
(0.01 0.0005 5e-05)
(0.011 0.0005 5e-05)
(0.012 0.0005 5e-05)
(0.013 0.0005 5e-05)
(0.014 0.0005 5e-05)
(0.015 0.0005 5e-05)
(0.016 0.0005 5e-05)
(0.017 0.0005 5e-05)
(0.018 0.0005 5e-05)
(0.019 0.0005 5e-05)
(0.02 0.0005 5e-05)
(0.021 0.0005 5e-05)
(0.022 0.0005 5e-05)
(0.023 0.0005 5e-05)
(0.024 0.0005 5e-05)
(0.025 0.0005 5e-05)
(0.026 0.0005 5e-05)
(0.027 0.0005 5e-05)
(0.028 0.0005 5e-05)
(0.029 0.0005 5e-05)
(0.03 0.0005 5e-05)
(0.031 0.0005 5e-05)
(0.032 0.0005 5e-05)
(0.033 0.0005 5e-05)
(0.034 0.0005 5e-05)
(0.035 0.0005 5e-05)
(0.036 0.0005 5e-05)
(0.037 0.0005 5e-05)
(0.038 0.0005 5e-05)
(0.039 0.0005 5e-05)
(0.04 0.0005 5e-05)
(0.041 0.0005 5e-05)
(0.042 0.0005 5e-05)
(0.043 0.0005 5e-05)
(0.044 0.0005 5e-05)
(0.045 0.0005 5e-05)
(0.046 0.0005 5e-05)
(0.047 0.0005 5e-05)
(0.048 0.0005 5e-05)
(0.049 0.0005 5e-05)
(0.05 0.0005 5e-05)
(0 0.00055 5e-05)
(0.001 0.00055 5e-05)
(0.002 0.00055 5e-05)
(0.003 0.00055 5e-05)
(0.004 0.00055 5e-05)
(0.005 0.00055 5e-05)
(0.006 0.00055 5e-05)
(0.007 0.00055 5e-05)
(0.008 0.00055 5e-05)
(0.009 0.00055 5e-05)
(0.01 0.00055 5e-05)
(0.011 0.00055 5e-05)
(0.012 0.00055 5e-05)
(0.013 0.00055 5e-05)
(0.014 0.00055 5e-05)
(0.015 0.00055 5e-05)
(0.016 0.00055 5e-05)
(0.017 0.00055 5e-05)
(0.018 0.00055 5e-05)
(0.019 0.00055 5e-05)
(0.02 0.00055 5e-05)
(0.021 0.00055 5e-05)
(0.022 0.00055 5e-05)
(0.023 0.00055 5e-05)
(0.024 0.00055 5e-05)
(0.025 0.00055 5e-05)
(0.026 0.00055 5e-05)
(0.027 0.00055 5e-05)
(0.028 0.00055 5e-05)
(0.029 0.00055 5e-05)
(0.03 0.00055 5e-05)
(0.031 0.00055 5e-05)
(0.032 0.00055 5e-05)
(0.033 0.00055 5e-05)
(0.034 0.00055 5e-05)
(0.035 0.00055 5e-05)
(0.036 0.00055 5e-05)
(0.037 0.00055 5e-05)
(0.038 0.00055 5e-05)
(0.039 0.00055 5e-05)
(0.04 0.00055 5e-05)
(0.041 0.00055 5e-05)
(0.042 0.00055 5e-05)
(0.043 0.00055 5e-05)
(0.044 0.00055 5e-05)
(0.045 0.00055 5e-05)
(0.046 0.00055 5e-05)
(0.047 0.00055 5e-05)
(0.048 0.00055 5e-05)
(0.049 0.00055 5e-05)
(0.05 0.00055 5e-05)
(0 0.0006 5e-05)
(0.001 0.0006 5e-05)
(0.002 0.0006 5e-05)
(0.003 0.0006 5e-05)
(0.004 0.0006 5e-05)
(0.005 0.0006 5e-05)
(0.006 0.0006 5e-05)
(0.007 0.0006 5e-05)
(0.008 0.0006 5e-05)
(0.009 0.0006 5e-05)
(0.01 0.0006 5e-05)
(0.011 0.0006 5e-05)
(0.012 0.0006 5e-05)
(0.013 0.0006 5e-05)
(0.014 0.0006 5e-05)
(0.015 0.0006 5e-05)
(0.016 0.0006 5e-05)
(0.017 0.0006 5e-05)
(0.018 0.0006 5e-05)
(0.019 0.0006 5e-05)
(0.02 0.0006 5e-05)
(0.021 0.0006 5e-05)
(0.022 0.0006 5e-05)
(0.023 0.0006 5e-05)
(0.024 0.0006 5e-05)
(0.025 0.0006 5e-05)
(0.026 0.0006 5e-05)
(0.027 0.0006 5e-05)
(0.028 0.0006 5e-05)
(0.029 0.0006 5e-05)
(0.03 0.0006 5e-05)
(0.031 0.0006 5e-05)
(0.032 0.0006 5e-05)
(0.033 0.0006 5e-05)
(0.034 0.0006 5e-05)
(0.035 0.0006 5e-05)
(0.036 0.0006 5e-05)
(0.037 0.0006 5e-05)
(0.038 0.0006 5e-05)
(0.039 0.0006 5e-05)
(0.04 0.0006 5e-05)
(0.041 0.0006 5e-05)
(0.042 0.0006 5e-05)
(0.043 0.0006 5e-05)
(0.044 0.0006 5e-05)
(0.045 0.0006 5e-05)
(0.046 0.0006 5e-05)
(0.047 0.0006 5e-05)
(0.048 0.0006 5e-05)
(0.049 0.0006 5e-05)
(0.05 0.0006 5e-05)
(0 0.00065 5e-05)
(0.001 0.00065 5e-05)
(0.002 0.00065 5e-05)
(0.003 0.00065 5e-05)
(0.004 0.00065 5e-05)
(0.005 0.00065 5e-05)
(0.006 0.00065 5e-05)
(0.007 0.00065 5e-05)
(0.008 0.00065 5e-05)
(0.009 0.00065 5e-05)
(0.01 0.00065 5e-05)
(0.011 0.00065 5e-05)
(0.012 0.00065 5e-05)
(0.013 0.00065 5e-05)
(0.014 0.00065 5e-05)
(0.015 0.00065 5e-05)
(0.016 0.00065 5e-05)
(0.017 0.00065 5e-05)
(0.018 0.00065 5e-05)
(0.019 0.00065 5e-05)
(0.02 0.00065 5e-05)
(0.021 0.00065 5e-05)
(0.022 0.00065 5e-05)
(0.023 0.00065 5e-05)
(0.024 0.00065 5e-05)
(0.025 0.00065 5e-05)
(0.026 0.00065 5e-05)
(0.027 0.00065 5e-05)
(0.028 0.00065 5e-05)
(0.029 0.00065 5e-05)
(0.03 0.00065 5e-05)
(0.031 0.00065 5e-05)
(0.032 0.00065 5e-05)
(0.033 0.00065 5e-05)
(0.034 0.00065 5e-05)
(0.035 0.00065 5e-05)
(0.036 0.00065 5e-05)
(0.037 0.00065 5e-05)
(0.038 0.00065 5e-05)
(0.039 0.00065 5e-05)
(0.04 0.00065 5e-05)
(0.041 0.00065 5e-05)
(0.042 0.00065 5e-05)
(0.043 0.00065 5e-05)
(0.044 0.00065 5e-05)
(0.045 0.00065 5e-05)
(0.046 0.00065 5e-05)
(0.047 0.00065 5e-05)
(0.048 0.00065 5e-05)
(0.049 0.00065 5e-05)
(0.05 0.00065 5e-05)
(0 0.0007 5e-05)
(0.001 0.0007 5e-05)
(0.002 0.0007 5e-05)
(0.003 0.0007 5e-05)
(0.004 0.0007 5e-05)
(0.005 0.0007 5e-05)
(0.006 0.0007 5e-05)
(0.007 0.0007 5e-05)
(0.008 0.0007 5e-05)
(0.009 0.0007 5e-05)
(0.01 0.0007 5e-05)
(0.011 0.0007 5e-05)
(0.012 0.0007 5e-05)
(0.013 0.0007 5e-05)
(0.014 0.0007 5e-05)
(0.015 0.0007 5e-05)
(0.016 0.0007 5e-05)
(0.017 0.0007 5e-05)
(0.018 0.0007 5e-05)
(0.019 0.0007 5e-05)
(0.02 0.0007 5e-05)
(0.021 0.0007 5e-05)
(0.022 0.0007 5e-05)
(0.023 0.0007 5e-05)
(0.024 0.0007 5e-05)
(0.025 0.0007 5e-05)
(0.026 0.0007 5e-05)
(0.027 0.0007 5e-05)
(0.028 0.0007 5e-05)
(0.029 0.0007 5e-05)
(0.03 0.0007 5e-05)
(0.031 0.0007 5e-05)
(0.032 0.0007 5e-05)
(0.033 0.0007 5e-05)
(0.034 0.0007 5e-05)
(0.035 0.0007 5e-05)
(0.036 0.0007 5e-05)
(0.037 0.0007 5e-05)
(0.038 0.0007 5e-05)
(0.039 0.0007 5e-05)
(0.04 0.0007 5e-05)
(0.041 0.0007 5e-05)
(0.042 0.0007 5e-05)
(0.043 0.0007 5e-05)
(0.044 0.0007 5e-05)
(0.045 0.0007 5e-05)
(0.046 0.0007 5e-05)
(0.047 0.0007 5e-05)
(0.048 0.0007 5e-05)
(0.049 0.0007 5e-05)
(0.05 0.0007 5e-05)
(0 0.00075 5e-05)
(0.001 0.00075 5e-05)
(0.002 0.00075 5e-05)
(0.003 0.00075 5e-05)
(0.004 0.00075 5e-05)
(0.005 0.00075 5e-05)
(0.006 0.00075 5e-05)
(0.007 0.00075 5e-05)
(0.008 0.00075 5e-05)
(0.009 0.00075 5e-05)
(0.01 0.00075 5e-05)
(0.011 0.00075 5e-05)
(0.012 0.00075 5e-05)
(0.013 0.00075 5e-05)
(0.014 0.00075 5e-05)
(0.015 0.00075 5e-05)
(0.016 0.00075 5e-05)
(0.017 0.00075 5e-05)
(0.018 0.00075 5e-05)
(0.019 0.00075 5e-05)
(0.02 0.00075 5e-05)
(0.021 0.00075 5e-05)
(0.022 0.00075 5e-05)
(0.023 0.00075 5e-05)
(0.024 0.00075 5e-05)
(0.025 0.00075 5e-05)
(0.026 0.00075 5e-05)
(0.027 0.00075 5e-05)
(0.028 0.00075 5e-05)
(0.029 0.00075 5e-05)
(0.03 0.00075 5e-05)
(0.031 0.00075 5e-05)
(0.032 0.00075 5e-05)
(0.033 0.00075 5e-05)
(0.034 0.00075 5e-05)
(0.035 0.00075 5e-05)
(0.036 0.00075 5e-05)
(0.037 0.00075 5e-05)
(0.038 0.00075 5e-05)
(0.039 0.00075 5e-05)
(0.04 0.00075 5e-05)
(0.041 0.00075 5e-05)
(0.042 0.00075 5e-05)
(0.043 0.00075 5e-05)
(0.044 0.00075 5e-05)
(0.045 0.00075 5e-05)
(0.046 0.00075 5e-05)
(0.047 0.00075 5e-05)
(0.048 0.00075 5e-05)
(0.049 0.00075 5e-05)
(0.05 0.00075 5e-05)
(0 0.0008 5e-05)
(0.001 0.0008 5e-05)
(0.002 0.0008 5e-05)
(0.003 0.0008 5e-05)
(0.004 0.0008 5e-05)
(0.005 0.0008 5e-05)
(0.006 0.0008 5e-05)
(0.007 0.0008 5e-05)
(0.008 0.0008 5e-05)
(0.009 0.0008 5e-05)
(0.01 0.0008 5e-05)
(0.011 0.0008 5e-05)
(0.012 0.0008 5e-05)
(0.013 0.0008 5e-05)
(0.014 0.0008 5e-05)
(0.015 0.0008 5e-05)
(0.016 0.0008 5e-05)
(0.017 0.0008 5e-05)
(0.018 0.0008 5e-05)
(0.019 0.0008 5e-05)
(0.02 0.0008 5e-05)
(0.021 0.0008 5e-05)
(0.022 0.0008 5e-05)
(0.023 0.0008 5e-05)
(0.024 0.0008 5e-05)
(0.025 0.0008 5e-05)
(0.026 0.0008 5e-05)
(0.027 0.0008 5e-05)
(0.028 0.0008 5e-05)
(0.029 0.0008 5e-05)
(0.03 0.0008 5e-05)
(0.031 0.0008 5e-05)
(0.032 0.0008 5e-05)
(0.033 0.0008 5e-05)
(0.034 0.0008 5e-05)
(0.035 0.0008 5e-05)
(0.036 0.0008 5e-05)
(0.037 0.0008 5e-05)
(0.038 0.0008 5e-05)
(0.039 0.0008 5e-05)
(0.04 0.0008 5e-05)
(0.041 0.0008 5e-05)
(0.042 0.0008 5e-05)
(0.043 0.0008 5e-05)
(0.044 0.0008 5e-05)
(0.045 0.0008 5e-05)
(0.046 0.0008 5e-05)
(0.047 0.0008 5e-05)
(0.048 0.0008 5e-05)
(0.049 0.0008 5e-05)
(0.05 0.0008 5e-05)
(0 0.00085 5e-05)
(0.001 0.00085 5e-05)
(0.002 0.00085 5e-05)
(0.003 0.00085 5e-05)
(0.004 0.00085 5e-05)
(0.005 0.00085 5e-05)
(0.006 0.00085 5e-05)
(0.007 0.00085 5e-05)
(0.008 0.00085 5e-05)
(0.009 0.00085 5e-05)
(0.01 0.00085 5e-05)
(0.011 0.00085 5e-05)
(0.012 0.00085 5e-05)
(0.013 0.00085 5e-05)
(0.014 0.00085 5e-05)
(0.015 0.00085 5e-05)
(0.016 0.00085 5e-05)
(0.017 0.00085 5e-05)
(0.018 0.00085 5e-05)
(0.019 0.00085 5e-05)
(0.02 0.00085 5e-05)
(0.021 0.00085 5e-05)
(0.022 0.00085 5e-05)
(0.023 0.00085 5e-05)
(0.024 0.00085 5e-05)
(0.025 0.00085 5e-05)
(0.026 0.00085 5e-05)
(0.027 0.00085 5e-05)
(0.028 0.00085 5e-05)
(0.029 0.00085 5e-05)
(0.03 0.00085 5e-05)
(0.031 0.00085 5e-05)
(0.032 0.00085 5e-05)
(0.033 0.00085 5e-05)
(0.034 0.00085 5e-05)
(0.035 0.00085 5e-05)
(0.036 0.00085 5e-05)
(0.037 0.00085 5e-05)
(0.038 0.00085 5e-05)
(0.039 0.00085 5e-05)
(0.04 0.00085 5e-05)
(0.041 0.00085 5e-05)
(0.042 0.00085 5e-05)
(0.043 0.00085 5e-05)
(0.044 0.00085 5e-05)
(0.045 0.00085 5e-05)
(0.046 0.00085 5e-05)
(0.047 0.00085 5e-05)
(0.048 0.00085 5e-05)
(0.049 0.00085 5e-05)
(0.05 0.00085 5e-05)
(0 0.0009 5e-05)
(0.001 0.0009 5e-05)
(0.002 0.0009 5e-05)
(0.003 0.0009 5e-05)
(0.004 0.0009 5e-05)
(0.005 0.0009 5e-05)
(0.006 0.0009 5e-05)
(0.007 0.0009 5e-05)
(0.008 0.0009 5e-05)
(0.009 0.0009 5e-05)
(0.01 0.0009 5e-05)
(0.011 0.0009 5e-05)
(0.012 0.0009 5e-05)
(0.013 0.0009 5e-05)
(0.014 0.0009 5e-05)
(0.015 0.0009 5e-05)
(0.016 0.0009 5e-05)
(0.017 0.0009 5e-05)
(0.018 0.0009 5e-05)
(0.019 0.0009 5e-05)
(0.02 0.0009 5e-05)
(0.021 0.0009 5e-05)
(0.022 0.0009 5e-05)
(0.023 0.0009 5e-05)
(0.024 0.0009 5e-05)
(0.025 0.0009 5e-05)
(0.026 0.0009 5e-05)
(0.027 0.0009 5e-05)
(0.028 0.0009 5e-05)
(0.029 0.0009 5e-05)
(0.03 0.0009 5e-05)
(0.031 0.0009 5e-05)
(0.032 0.0009 5e-05)
(0.033 0.0009 5e-05)
(0.034 0.0009 5e-05)
(0.035 0.0009 5e-05)
(0.036 0.0009 5e-05)
(0.037 0.0009 5e-05)
(0.038 0.0009 5e-05)
(0.039 0.0009 5e-05)
(0.04 0.0009 5e-05)
(0.041 0.0009 5e-05)
(0.042 0.0009 5e-05)
(0.043 0.0009 5e-05)
(0.044 0.0009 5e-05)
(0.045 0.0009 5e-05)
(0.046 0.0009 5e-05)
(0.047 0.0009 5e-05)
(0.048 0.0009 5e-05)
(0.049 0.0009 5e-05)
(0.05 0.0009 5e-05)
(0 0.00095 5e-05)
(0.001 0.00095 5e-05)
(0.002 0.00095 5e-05)
(0.003 0.00095 5e-05)
(0.004 0.00095 5e-05)
(0.005 0.00095 5e-05)
(0.006 0.00095 5e-05)
(0.007 0.00095 5e-05)
(0.008 0.00095 5e-05)
(0.009 0.00095 5e-05)
(0.01 0.00095 5e-05)
(0.011 0.00095 5e-05)
(0.012 0.00095 5e-05)
(0.013 0.00095 5e-05)
(0.014 0.00095 5e-05)
(0.015 0.00095 5e-05)
(0.016 0.00095 5e-05)
(0.017 0.00095 5e-05)
(0.018 0.00095 5e-05)
(0.019 0.00095 5e-05)
(0.02 0.00095 5e-05)
(0.021 0.00095 5e-05)
(0.022 0.00095 5e-05)
(0.023 0.00095 5e-05)
(0.024 0.00095 5e-05)
(0.025 0.00095 5e-05)
(0.026 0.00095 5e-05)
(0.027 0.00095 5e-05)
(0.028 0.00095 5e-05)
(0.029 0.00095 5e-05)
(0.03 0.00095 5e-05)
(0.031 0.00095 5e-05)
(0.032 0.00095 5e-05)
(0.033 0.00095 5e-05)
(0.034 0.00095 5e-05)
(0.035 0.00095 5e-05)
(0.036 0.00095 5e-05)
(0.037 0.00095 5e-05)
(0.038 0.00095 5e-05)
(0.039 0.00095 5e-05)
(0.04 0.00095 5e-05)
(0.041 0.00095 5e-05)
(0.042 0.00095 5e-05)
(0.043 0.00095 5e-05)
(0.044 0.00095 5e-05)
(0.045 0.00095 5e-05)
(0.046 0.00095 5e-05)
(0.047 0.00095 5e-05)
(0.048 0.00095 5e-05)
(0.049 0.00095 5e-05)
(0.05 0.00095 5e-05)
(0 0.001 5e-05)
(0.001 0.001 5e-05)
(0.002 0.001 5e-05)
(0.003 0.001 5e-05)
(0.004 0.001 5e-05)
(0.005 0.001 5e-05)
(0.006 0.001 5e-05)
(0.007 0.001 5e-05)
(0.008 0.001 5e-05)
(0.009 0.001 5e-05)
(0.01 0.001 5e-05)
(0.011 0.001 5e-05)
(0.012 0.001 5e-05)
(0.013 0.001 5e-05)
(0.014 0.001 5e-05)
(0.015 0.001 5e-05)
(0.016 0.001 5e-05)
(0.017 0.001 5e-05)
(0.018 0.001 5e-05)
(0.019 0.001 5e-05)
(0.02 0.001 5e-05)
(0.021 0.001 5e-05)
(0.022 0.001 5e-05)
(0.023 0.001 5e-05)
(0.024 0.001 5e-05)
(0.025 0.001 5e-05)
(0.026 0.001 5e-05)
(0.027 0.001 5e-05)
(0.028 0.001 5e-05)
(0.029 0.001 5e-05)
(0.03 0.001 5e-05)
(0.031 0.001 5e-05)
(0.032 0.001 5e-05)
(0.033 0.001 5e-05)
(0.034 0.001 5e-05)
(0.035 0.001 5e-05)
(0.036 0.001 5e-05)
(0.037 0.001 5e-05)
(0.038 0.001 5e-05)
(0.039 0.001 5e-05)
(0.04 0.001 5e-05)
(0.041 0.001 5e-05)
(0.042 0.001 5e-05)
(0.043 0.001 5e-05)
(0.044 0.001 5e-05)
(0.045 0.001 5e-05)
(0.046 0.001 5e-05)
(0.047 0.001 5e-05)
(0.048 0.001 5e-05)
(0.049 0.001 5e-05)
(0.05 0.001 5e-05)
(0 0.00101 -5e-05)
(0.001 0.00101 -5e-05)
(0.002 0.00101 -5e-05)
(0.003 0.00101 -5e-05)
(0.004 0.00101 -5e-05)
(0.005 0.00101 -5e-05)
(0.006 0.00101 -5e-05)
(0.007 0.00101 -5e-05)
(0.008 0.00101 -5e-05)
(0.009 0.00101 -5e-05)
(0.01 0.00101 -5e-05)
(0.011 0.00101 -5e-05)
(0.012 0.00101 -5e-05)
(0.013 0.00101 -5e-05)
(0.014 0.00101 -5e-05)
(0.015 0.00101 -5e-05)
(0.016 0.00101 -5e-05)
(0.017 0.00101 -5e-05)
(0.018 0.00101 -5e-05)
(0.019 0.00101 -5e-05)
(0.02 0.00101 -5e-05)
(0.021 0.00101 -5e-05)
(0.022 0.00101 -5e-05)
(0.023 0.00101 -5e-05)
(0.024 0.00101 -5e-05)
(0.025 0.00101 -5e-05)
(0.026 0.00101 -5e-05)
(0.027 0.00101 -5e-05)
(0.028 0.00101 -5e-05)
(0.029 0.00101 -5e-05)
(0.03 0.00101 -5e-05)
(0.031 0.00101 -5e-05)
(0.032 0.00101 -5e-05)
(0.033 0.00101 -5e-05)
(0.034 0.00101 -5e-05)
(0.035 0.00101 -5e-05)
(0.036 0.00101 -5e-05)
(0.037 0.00101 -5e-05)
(0.038 0.00101 -5e-05)
(0.039 0.00101 -5e-05)
(0.04 0.00101 -5e-05)
(0.041 0.00101 -5e-05)
(0.042 0.00101 -5e-05)
(0.043 0.00101 -5e-05)
(0.044 0.00101 -5e-05)
(0.045 0.00101 -5e-05)
(0.046 0.00101 -5e-05)
(0.047 0.00101 -5e-05)
(0.048 0.00101 -5e-05)
(0.049 0.00101 -5e-05)
(0.05 0.00101 -5e-05)
(0 0.0011095 -5e-05)
(0.001 0.0011095 -5e-05)
(0.002 0.0011095 -5e-05)
(0.003 0.0011095 -5e-05)
(0.004 0.0011095 -5e-05)
(0.005 0.0011095 -5e-05)
(0.006 0.0011095 -5e-05)
(0.007 0.0011095 -5e-05)
(0.008 0.0011095 -5e-05)
(0.009 0.0011095 -5e-05)
(0.01 0.0011095 -5e-05)
(0.011 0.0011095 -5e-05)
(0.012 0.0011095 -5e-05)
(0.013 0.0011095 -5e-05)
(0.014 0.0011095 -5e-05)
(0.015 0.0011095 -5e-05)
(0.016 0.0011095 -5e-05)
(0.017 0.0011095 -5e-05)
(0.018 0.0011095 -5e-05)
(0.019 0.0011095 -5e-05)
(0.02 0.0011095 -5e-05)
(0.021 0.0011095 -5e-05)
(0.022 0.0011095 -5e-05)
(0.023 0.0011095 -5e-05)
(0.024 0.0011095 -5e-05)
(0.025 0.0011095 -5e-05)
(0.026 0.0011095 -5e-05)
(0.027 0.0011095 -5e-05)
(0.028 0.0011095 -5e-05)
(0.029 0.0011095 -5e-05)
(0.03 0.0011095 -5e-05)
(0.031 0.0011095 -5e-05)
(0.032 0.0011095 -5e-05)
(0.033 0.0011095 -5e-05)
(0.034 0.0011095 -5e-05)
(0.035 0.0011095 -5e-05)
(0.036 0.0011095 -5e-05)
(0.037 0.0011095 -5e-05)
(0.038 0.0011095 -5e-05)
(0.039 0.0011095 -5e-05)
(0.04 0.0011095 -5e-05)
(0.041 0.0011095 -5e-05)
(0.042 0.0011095 -5e-05)
(0.043 0.0011095 -5e-05)
(0.044 0.0011095 -5e-05)
(0.045 0.0011095 -5e-05)
(0.046 0.0011095 -5e-05)
(0.047 0.0011095 -5e-05)
(0.048 0.0011095 -5e-05)
(0.049 0.0011095 -5e-05)
(0.05 0.0011095 -5e-05)
(0 0.001209 -5e-05)
(0.001 0.001209 -5e-05)
(0.002 0.001209 -5e-05)
(0.003 0.001209 -5e-05)
(0.004 0.001209 -5e-05)
(0.005 0.001209 -5e-05)
(0.006 0.001209 -5e-05)
(0.007 0.001209 -5e-05)
(0.008 0.001209 -5e-05)
(0.009 0.001209 -5e-05)
(0.01 0.001209 -5e-05)
(0.011 0.001209 -5e-05)
(0.012 0.001209 -5e-05)
(0.013 0.001209 -5e-05)
(0.014 0.001209 -5e-05)
(0.015 0.001209 -5e-05)
(0.016 0.001209 -5e-05)
(0.017 0.001209 -5e-05)
(0.018 0.001209 -5e-05)
(0.019 0.001209 -5e-05)
(0.02 0.001209 -5e-05)
(0.021 0.001209 -5e-05)
(0.022 0.001209 -5e-05)
(0.023 0.001209 -5e-05)
(0.024 0.001209 -5e-05)
(0.025 0.001209 -5e-05)
(0.026 0.001209 -5e-05)
(0.027 0.001209 -5e-05)
(0.028 0.001209 -5e-05)
(0.029 0.001209 -5e-05)
(0.03 0.001209 -5e-05)
(0.031 0.001209 -5e-05)
(0.032 0.001209 -5e-05)
(0.033 0.001209 -5e-05)
(0.034 0.001209 -5e-05)
(0.035 0.001209 -5e-05)
(0.036 0.001209 -5e-05)
(0.037 0.001209 -5e-05)
(0.038 0.001209 -5e-05)
(0.039 0.001209 -5e-05)
(0.04 0.001209 -5e-05)
(0.041 0.001209 -5e-05)
(0.042 0.001209 -5e-05)
(0.043 0.001209 -5e-05)
(0.044 0.001209 -5e-05)
(0.045 0.001209 -5e-05)
(0.046 0.001209 -5e-05)
(0.047 0.001209 -5e-05)
(0.048 0.001209 -5e-05)
(0.049 0.001209 -5e-05)
(0.05 0.001209 -5e-05)
(0 0.0013085 -5e-05)
(0.001 0.0013085 -5e-05)
(0.002 0.0013085 -5e-05)
(0.003 0.0013085 -5e-05)
(0.004 0.0013085 -5e-05)
(0.005 0.0013085 -5e-05)
(0.006 0.0013085 -5e-05)
(0.007 0.0013085 -5e-05)
(0.008 0.0013085 -5e-05)
(0.009 0.0013085 -5e-05)
(0.01 0.0013085 -5e-05)
(0.011 0.0013085 -5e-05)
(0.012 0.0013085 -5e-05)
(0.013 0.0013085 -5e-05)
(0.014 0.0013085 -5e-05)
(0.015 0.0013085 -5e-05)
(0.016 0.0013085 -5e-05)
(0.017 0.0013085 -5e-05)
(0.018 0.0013085 -5e-05)
(0.019 0.0013085 -5e-05)
(0.02 0.0013085 -5e-05)
(0.021 0.0013085 -5e-05)
(0.022 0.0013085 -5e-05)
(0.023 0.0013085 -5e-05)
(0.024 0.0013085 -5e-05)
(0.025 0.0013085 -5e-05)
(0.026 0.0013085 -5e-05)
(0.027 0.0013085 -5e-05)
(0.028 0.0013085 -5e-05)
(0.029 0.0013085 -5e-05)
(0.03 0.0013085 -5e-05)
(0.031 0.0013085 -5e-05)
(0.032 0.0013085 -5e-05)
(0.033 0.0013085 -5e-05)
(0.034 0.0013085 -5e-05)
(0.035 0.0013085 -5e-05)
(0.036 0.0013085 -5e-05)
(0.037 0.0013085 -5e-05)
(0.038 0.0013085 -5e-05)
(0.039 0.0013085 -5e-05)
(0.04 0.0013085 -5e-05)
(0.041 0.0013085 -5e-05)
(0.042 0.0013085 -5e-05)
(0.043 0.0013085 -5e-05)
(0.044 0.0013085 -5e-05)
(0.045 0.0013085 -5e-05)
(0.046 0.0013085 -5e-05)
(0.047 0.0013085 -5e-05)
(0.048 0.0013085 -5e-05)
(0.049 0.0013085 -5e-05)
(0.05 0.0013085 -5e-05)
(0 0.001408 -5e-05)
(0.001 0.001408 -5e-05)
(0.002 0.001408 -5e-05)
(0.003 0.001408 -5e-05)
(0.004 0.001408 -5e-05)
(0.005 0.001408 -5e-05)
(0.006 0.001408 -5e-05)
(0.007 0.001408 -5e-05)
(0.008 0.001408 -5e-05)
(0.009 0.001408 -5e-05)
(0.01 0.001408 -5e-05)
(0.011 0.001408 -5e-05)
(0.012 0.001408 -5e-05)
(0.013 0.001408 -5e-05)
(0.014 0.001408 -5e-05)
(0.015 0.001408 -5e-05)
(0.016 0.001408 -5e-05)
(0.017 0.001408 -5e-05)
(0.018 0.001408 -5e-05)
(0.019 0.001408 -5e-05)
(0.02 0.001408 -5e-05)
(0.021 0.001408 -5e-05)
(0.022 0.001408 -5e-05)
(0.023 0.001408 -5e-05)
(0.024 0.001408 -5e-05)
(0.025 0.001408 -5e-05)
(0.026 0.001408 -5e-05)
(0.027 0.001408 -5e-05)
(0.028 0.001408 -5e-05)
(0.029 0.001408 -5e-05)
(0.03 0.001408 -5e-05)
(0.031 0.001408 -5e-05)
(0.032 0.001408 -5e-05)
(0.033 0.001408 -5e-05)
(0.034 0.001408 -5e-05)
(0.035 0.001408 -5e-05)
(0.036 0.001408 -5e-05)
(0.037 0.001408 -5e-05)
(0.038 0.001408 -5e-05)
(0.039 0.001408 -5e-05)
(0.04 0.001408 -5e-05)
(0.041 0.001408 -5e-05)
(0.042 0.001408 -5e-05)
(0.043 0.001408 -5e-05)
(0.044 0.001408 -5e-05)
(0.045 0.001408 -5e-05)
(0.046 0.001408 -5e-05)
(0.047 0.001408 -5e-05)
(0.048 0.001408 -5e-05)
(0.049 0.001408 -5e-05)
(0.05 0.001408 -5e-05)
(0 0.0015075 -5e-05)
(0.001 0.0015075 -5e-05)
(0.002 0.0015075 -5e-05)
(0.003 0.0015075 -5e-05)
(0.004 0.0015075 -5e-05)
(0.005 0.0015075 -5e-05)
(0.006 0.0015075 -5e-05)
(0.007 0.0015075 -5e-05)
(0.008 0.0015075 -5e-05)
(0.009 0.0015075 -5e-05)
(0.01 0.0015075 -5e-05)
(0.011 0.0015075 -5e-05)
(0.012 0.0015075 -5e-05)
(0.013 0.0015075 -5e-05)
(0.014 0.0015075 -5e-05)
(0.015 0.0015075 -5e-05)
(0.016 0.0015075 -5e-05)
(0.017 0.0015075 -5e-05)
(0.018 0.0015075 -5e-05)
(0.019 0.0015075 -5e-05)
(0.02 0.0015075 -5e-05)
(0.021 0.0015075 -5e-05)
(0.022 0.0015075 -5e-05)
(0.023 0.0015075 -5e-05)
(0.024 0.0015075 -5e-05)
(0.025 0.0015075 -5e-05)
(0.026 0.0015075 -5e-05)
(0.027 0.0015075 -5e-05)
(0.028 0.0015075 -5e-05)
(0.029 0.0015075 -5e-05)
(0.03 0.0015075 -5e-05)
(0.031 0.0015075 -5e-05)
(0.032 0.0015075 -5e-05)
(0.033 0.0015075 -5e-05)
(0.034 0.0015075 -5e-05)
(0.035 0.0015075 -5e-05)
(0.036 0.0015075 -5e-05)
(0.037 0.0015075 -5e-05)
(0.038 0.0015075 -5e-05)
(0.039 0.0015075 -5e-05)
(0.04 0.0015075 -5e-05)
(0.041 0.0015075 -5e-05)
(0.042 0.0015075 -5e-05)
(0.043 0.0015075 -5e-05)
(0.044 0.0015075 -5e-05)
(0.045 0.0015075 -5e-05)
(0.046 0.0015075 -5e-05)
(0.047 0.0015075 -5e-05)
(0.048 0.0015075 -5e-05)
(0.049 0.0015075 -5e-05)
(0.05 0.0015075 -5e-05)
(0 0.001607 -5e-05)
(0.001 0.001607 -5e-05)
(0.002 0.001607 -5e-05)
(0.003 0.001607 -5e-05)
(0.004 0.001607 -5e-05)
(0.005 0.001607 -5e-05)
(0.006 0.001607 -5e-05)
(0.007 0.001607 -5e-05)
(0.008 0.001607 -5e-05)
(0.009 0.001607 -5e-05)
(0.01 0.001607 -5e-05)
(0.011 0.001607 -5e-05)
(0.012 0.001607 -5e-05)
(0.013 0.001607 -5e-05)
(0.014 0.001607 -5e-05)
(0.015 0.001607 -5e-05)
(0.016 0.001607 -5e-05)
(0.017 0.001607 -5e-05)
(0.018 0.001607 -5e-05)
(0.019 0.001607 -5e-05)
(0.02 0.001607 -5e-05)
(0.021 0.001607 -5e-05)
(0.022 0.001607 -5e-05)
(0.023 0.001607 -5e-05)
(0.024 0.001607 -5e-05)
(0.025 0.001607 -5e-05)
(0.026 0.001607 -5e-05)
(0.027 0.001607 -5e-05)
(0.028 0.001607 -5e-05)
(0.029 0.001607 -5e-05)
(0.03 0.001607 -5e-05)
(0.031 0.001607 -5e-05)
(0.032 0.001607 -5e-05)
(0.033 0.001607 -5e-05)
(0.034 0.001607 -5e-05)
(0.035 0.001607 -5e-05)
(0.036 0.001607 -5e-05)
(0.037 0.001607 -5e-05)
(0.038 0.001607 -5e-05)
(0.039 0.001607 -5e-05)
(0.04 0.001607 -5e-05)
(0.041 0.001607 -5e-05)
(0.042 0.001607 -5e-05)
(0.043 0.001607 -5e-05)
(0.044 0.001607 -5e-05)
(0.045 0.001607 -5e-05)
(0.046 0.001607 -5e-05)
(0.047 0.001607 -5e-05)
(0.048 0.001607 -5e-05)
(0.049 0.001607 -5e-05)
(0.05 0.001607 -5e-05)
(0 0.0017065 -5e-05)
(0.001 0.0017065 -5e-05)
(0.002 0.0017065 -5e-05)
(0.003 0.0017065 -5e-05)
(0.004 0.0017065 -5e-05)
(0.005 0.0017065 -5e-05)
(0.006 0.0017065 -5e-05)
(0.007 0.0017065 -5e-05)
(0.008 0.0017065 -5e-05)
(0.009 0.0017065 -5e-05)
(0.01 0.0017065 -5e-05)
(0.011 0.0017065 -5e-05)
(0.012 0.0017065 -5e-05)
(0.013 0.0017065 -5e-05)
(0.014 0.0017065 -5e-05)
(0.015 0.0017065 -5e-05)
(0.016 0.0017065 -5e-05)
(0.017 0.0017065 -5e-05)
(0.018 0.0017065 -5e-05)
(0.019 0.0017065 -5e-05)
(0.02 0.0017065 -5e-05)
(0.021 0.0017065 -5e-05)
(0.022 0.0017065 -5e-05)
(0.023 0.0017065 -5e-05)
(0.024 0.0017065 -5e-05)
(0.025 0.0017065 -5e-05)
(0.026 0.0017065 -5e-05)
(0.027 0.0017065 -5e-05)
(0.028 0.0017065 -5e-05)
(0.029 0.0017065 -5e-05)
(0.03 0.0017065 -5e-05)
(0.031 0.0017065 -5e-05)
(0.032 0.0017065 -5e-05)
(0.033 0.0017065 -5e-05)
(0.034 0.0017065 -5e-05)
(0.035 0.0017065 -5e-05)
(0.036 0.0017065 -5e-05)
(0.037 0.0017065 -5e-05)
(0.038 0.0017065 -5e-05)
(0.039 0.0017065 -5e-05)
(0.04 0.0017065 -5e-05)
(0.041 0.0017065 -5e-05)
(0.042 0.0017065 -5e-05)
(0.043 0.0017065 -5e-05)
(0.044 0.0017065 -5e-05)
(0.045 0.0017065 -5e-05)
(0.046 0.0017065 -5e-05)
(0.047 0.0017065 -5e-05)
(0.048 0.0017065 -5e-05)
(0.049 0.0017065 -5e-05)
(0.05 0.0017065 -5e-05)
(0 0.001806 -5e-05)
(0.001 0.001806 -5e-05)
(0.002 0.001806 -5e-05)
(0.003 0.001806 -5e-05)
(0.004 0.001806 -5e-05)
(0.005 0.001806 -5e-05)
(0.006 0.001806 -5e-05)
(0.007 0.001806 -5e-05)
(0.008 0.001806 -5e-05)
(0.009 0.001806 -5e-05)
(0.01 0.001806 -5e-05)
(0.011 0.001806 -5e-05)
(0.012 0.001806 -5e-05)
(0.013 0.001806 -5e-05)
(0.014 0.001806 -5e-05)
(0.015 0.001806 -5e-05)
(0.016 0.001806 -5e-05)
(0.017 0.001806 -5e-05)
(0.018 0.001806 -5e-05)
(0.019 0.001806 -5e-05)
(0.02 0.001806 -5e-05)
(0.021 0.001806 -5e-05)
(0.022 0.001806 -5e-05)
(0.023 0.001806 -5e-05)
(0.024 0.001806 -5e-05)
(0.025 0.001806 -5e-05)
(0.026 0.001806 -5e-05)
(0.027 0.001806 -5e-05)
(0.028 0.001806 -5e-05)
(0.029 0.001806 -5e-05)
(0.03 0.001806 -5e-05)
(0.031 0.001806 -5e-05)
(0.032 0.001806 -5e-05)
(0.033 0.001806 -5e-05)
(0.034 0.001806 -5e-05)
(0.035 0.001806 -5e-05)
(0.036 0.001806 -5e-05)
(0.037 0.001806 -5e-05)
(0.038 0.001806 -5e-05)
(0.039 0.001806 -5e-05)
(0.04 0.001806 -5e-05)
(0.041 0.001806 -5e-05)
(0.042 0.001806 -5e-05)
(0.043 0.001806 -5e-05)
(0.044 0.001806 -5e-05)
(0.045 0.001806 -5e-05)
(0.046 0.001806 -5e-05)
(0.047 0.001806 -5e-05)
(0.048 0.001806 -5e-05)
(0.049 0.001806 -5e-05)
(0.05 0.001806 -5e-05)
(0 0.0019055 -5e-05)
(0.001 0.0019055 -5e-05)
(0.002 0.0019055 -5e-05)
(0.003 0.0019055 -5e-05)
(0.004 0.0019055 -5e-05)
(0.005 0.0019055 -5e-05)
(0.006 0.0019055 -5e-05)
(0.007 0.0019055 -5e-05)
(0.008 0.0019055 -5e-05)
(0.009 0.0019055 -5e-05)
(0.01 0.0019055 -5e-05)
(0.011 0.0019055 -5e-05)
(0.012 0.0019055 -5e-05)
(0.013 0.0019055 -5e-05)
(0.014 0.0019055 -5e-05)
(0.015 0.0019055 -5e-05)
(0.016 0.0019055 -5e-05)
(0.017 0.0019055 -5e-05)
(0.018 0.0019055 -5e-05)
(0.019 0.0019055 -5e-05)
(0.02 0.0019055 -5e-05)
(0.021 0.0019055 -5e-05)
(0.022 0.0019055 -5e-05)
(0.023 0.0019055 -5e-05)
(0.024 0.0019055 -5e-05)
(0.025 0.0019055 -5e-05)
(0.026 0.0019055 -5e-05)
(0.027 0.0019055 -5e-05)
(0.028 0.0019055 -5e-05)
(0.029 0.0019055 -5e-05)
(0.03 0.0019055 -5e-05)
(0.031 0.0019055 -5e-05)
(0.032 0.0019055 -5e-05)
(0.033 0.0019055 -5e-05)
(0.034 0.0019055 -5e-05)
(0.035 0.0019055 -5e-05)
(0.036 0.0019055 -5e-05)
(0.037 0.0019055 -5e-05)
(0.038 0.0019055 -5e-05)
(0.039 0.0019055 -5e-05)
(0.04 0.0019055 -5e-05)
(0.041 0.0019055 -5e-05)
(0.042 0.0019055 -5e-05)
(0.043 0.0019055 -5e-05)
(0.044 0.0019055 -5e-05)
(0.045 0.0019055 -5e-05)
(0.046 0.0019055 -5e-05)
(0.047 0.0019055 -5e-05)
(0.048 0.0019055 -5e-05)
(0.049 0.0019055 -5e-05)
(0.05 0.0019055 -5e-05)
(0 0.002005 -5e-05)
(0.001 0.002005 -5e-05)
(0.002 0.002005 -5e-05)
(0.003 0.002005 -5e-05)
(0.004 0.002005 -5e-05)
(0.005 0.002005 -5e-05)
(0.006 0.002005 -5e-05)
(0.007 0.002005 -5e-05)
(0.008 0.002005 -5e-05)
(0.009 0.002005 -5e-05)
(0.01 0.002005 -5e-05)
(0.011 0.002005 -5e-05)
(0.012 0.002005 -5e-05)
(0.013 0.002005 -5e-05)
(0.014 0.002005 -5e-05)
(0.015 0.002005 -5e-05)
(0.016 0.002005 -5e-05)
(0.017 0.002005 -5e-05)
(0.018 0.002005 -5e-05)
(0.019 0.002005 -5e-05)
(0.02 0.002005 -5e-05)
(0.021 0.002005 -5e-05)
(0.022 0.002005 -5e-05)
(0.023 0.002005 -5e-05)
(0.024 0.002005 -5e-05)
(0.025 0.002005 -5e-05)
(0.026 0.002005 -5e-05)
(0.027 0.002005 -5e-05)
(0.028 0.002005 -5e-05)
(0.029 0.002005 -5e-05)
(0.03 0.002005 -5e-05)
(0.031 0.002005 -5e-05)
(0.032 0.002005 -5e-05)
(0.033 0.002005 -5e-05)
(0.034 0.002005 -5e-05)
(0.035 0.002005 -5e-05)
(0.036 0.002005 -5e-05)
(0.037 0.002005 -5e-05)
(0.038 0.002005 -5e-05)
(0.039 0.002005 -5e-05)
(0.04 0.002005 -5e-05)
(0.041 0.002005 -5e-05)
(0.042 0.002005 -5e-05)
(0.043 0.002005 -5e-05)
(0.044 0.002005 -5e-05)
(0.045 0.002005 -5e-05)
(0.046 0.002005 -5e-05)
(0.047 0.002005 -5e-05)
(0.048 0.002005 -5e-05)
(0.049 0.002005 -5e-05)
(0.05 0.002005 -5e-05)
(0 0.0021045 -5e-05)
(0.001 0.0021045 -5e-05)
(0.002 0.0021045 -5e-05)
(0.003 0.0021045 -5e-05)
(0.004 0.0021045 -5e-05)
(0.005 0.0021045 -5e-05)
(0.006 0.0021045 -5e-05)
(0.007 0.0021045 -5e-05)
(0.008 0.0021045 -5e-05)
(0.009 0.0021045 -5e-05)
(0.01 0.0021045 -5e-05)
(0.011 0.0021045 -5e-05)
(0.012 0.0021045 -5e-05)
(0.013 0.0021045 -5e-05)
(0.014 0.0021045 -5e-05)
(0.015 0.0021045 -5e-05)
(0.016 0.0021045 -5e-05)
(0.017 0.0021045 -5e-05)
(0.018 0.0021045 -5e-05)
(0.019 0.0021045 -5e-05)
(0.02 0.0021045 -5e-05)
(0.021 0.0021045 -5e-05)
(0.022 0.0021045 -5e-05)
(0.023 0.0021045 -5e-05)
(0.024 0.0021045 -5e-05)
(0.025 0.0021045 -5e-05)
(0.026 0.0021045 -5e-05)
(0.027 0.0021045 -5e-05)
(0.028 0.0021045 -5e-05)
(0.029 0.0021045 -5e-05)
(0.03 0.0021045 -5e-05)
(0.031 0.0021045 -5e-05)
(0.032 0.0021045 -5e-05)
(0.033 0.0021045 -5e-05)
(0.034 0.0021045 -5e-05)
(0.035 0.0021045 -5e-05)
(0.036 0.0021045 -5e-05)
(0.037 0.0021045 -5e-05)
(0.038 0.0021045 -5e-05)
(0.039 0.0021045 -5e-05)
(0.04 0.0021045 -5e-05)
(0.041 0.0021045 -5e-05)
(0.042 0.0021045 -5e-05)
(0.043 0.0021045 -5e-05)
(0.044 0.0021045 -5e-05)
(0.045 0.0021045 -5e-05)
(0.046 0.0021045 -5e-05)
(0.047 0.0021045 -5e-05)
(0.048 0.0021045 -5e-05)
(0.049 0.0021045 -5e-05)
(0.05 0.0021045 -5e-05)
(0 0.002204 -5e-05)
(0.001 0.002204 -5e-05)
(0.002 0.002204 -5e-05)
(0.003 0.002204 -5e-05)
(0.004 0.002204 -5e-05)
(0.005 0.002204 -5e-05)
(0.006 0.002204 -5e-05)
(0.007 0.002204 -5e-05)
(0.008 0.002204 -5e-05)
(0.009 0.002204 -5e-05)
(0.01 0.002204 -5e-05)
(0.011 0.002204 -5e-05)
(0.012 0.002204 -5e-05)
(0.013 0.002204 -5e-05)
(0.014 0.002204 -5e-05)
(0.015 0.002204 -5e-05)
(0.016 0.002204 -5e-05)
(0.017 0.002204 -5e-05)
(0.018 0.002204 -5e-05)
(0.019 0.002204 -5e-05)
(0.02 0.002204 -5e-05)
(0.021 0.002204 -5e-05)
(0.022 0.002204 -5e-05)
(0.023 0.002204 -5e-05)
(0.024 0.002204 -5e-05)
(0.025 0.002204 -5e-05)
(0.026 0.002204 -5e-05)
(0.027 0.002204 -5e-05)
(0.028 0.002204 -5e-05)
(0.029 0.002204 -5e-05)
(0.03 0.002204 -5e-05)
(0.031 0.002204 -5e-05)
(0.032 0.002204 -5e-05)
(0.033 0.002204 -5e-05)
(0.034 0.002204 -5e-05)
(0.035 0.002204 -5e-05)
(0.036 0.002204 -5e-05)
(0.037 0.002204 -5e-05)
(0.038 0.002204 -5e-05)
(0.039 0.002204 -5e-05)
(0.04 0.002204 -5e-05)
(0.041 0.002204 -5e-05)
(0.042 0.002204 -5e-05)
(0.043 0.002204 -5e-05)
(0.044 0.002204 -5e-05)
(0.045 0.002204 -5e-05)
(0.046 0.002204 -5e-05)
(0.047 0.002204 -5e-05)
(0.048 0.002204 -5e-05)
(0.049 0.002204 -5e-05)
(0.05 0.002204 -5e-05)
(0 0.0023035 -5e-05)
(0.001 0.0023035 -5e-05)
(0.002 0.0023035 -5e-05)
(0.003 0.0023035 -5e-05)
(0.004 0.0023035 -5e-05)
(0.005 0.0023035 -5e-05)
(0.006 0.0023035 -5e-05)
(0.007 0.0023035 -5e-05)
(0.008 0.0023035 -5e-05)
(0.009 0.0023035 -5e-05)
(0.01 0.0023035 -5e-05)
(0.011 0.0023035 -5e-05)
(0.012 0.0023035 -5e-05)
(0.013 0.0023035 -5e-05)
(0.014 0.0023035 -5e-05)
(0.015 0.0023035 -5e-05)
(0.016 0.0023035 -5e-05)
(0.017 0.0023035 -5e-05)
(0.018 0.0023035 -5e-05)
(0.019 0.0023035 -5e-05)
(0.02 0.0023035 -5e-05)
(0.021 0.0023035 -5e-05)
(0.022 0.0023035 -5e-05)
(0.023 0.0023035 -5e-05)
(0.024 0.0023035 -5e-05)
(0.025 0.0023035 -5e-05)
(0.026 0.0023035 -5e-05)
(0.027 0.0023035 -5e-05)
(0.028 0.0023035 -5e-05)
(0.029 0.0023035 -5e-05)
(0.03 0.0023035 -5e-05)
(0.031 0.0023035 -5e-05)
(0.032 0.0023035 -5e-05)
(0.033 0.0023035 -5e-05)
(0.034 0.0023035 -5e-05)
(0.035 0.0023035 -5e-05)
(0.036 0.0023035 -5e-05)
(0.037 0.0023035 -5e-05)
(0.038 0.0023035 -5e-05)
(0.039 0.0023035 -5e-05)
(0.04 0.0023035 -5e-05)
(0.041 0.0023035 -5e-05)
(0.042 0.0023035 -5e-05)
(0.043 0.0023035 -5e-05)
(0.044 0.0023035 -5e-05)
(0.045 0.0023035 -5e-05)
(0.046 0.0023035 -5e-05)
(0.047 0.0023035 -5e-05)
(0.048 0.0023035 -5e-05)
(0.049 0.0023035 -5e-05)
(0.05 0.0023035 -5e-05)
(0 0.002403 -5e-05)
(0.001 0.002403 -5e-05)
(0.002 0.002403 -5e-05)
(0.003 0.002403 -5e-05)
(0.004 0.002403 -5e-05)
(0.005 0.002403 -5e-05)
(0.006 0.002403 -5e-05)
(0.007 0.002403 -5e-05)
(0.008 0.002403 -5e-05)
(0.009 0.002403 -5e-05)
(0.01 0.002403 -5e-05)
(0.011 0.002403 -5e-05)
(0.012 0.002403 -5e-05)
(0.013 0.002403 -5e-05)
(0.014 0.002403 -5e-05)
(0.015 0.002403 -5e-05)
(0.016 0.002403 -5e-05)
(0.017 0.002403 -5e-05)
(0.018 0.002403 -5e-05)
(0.019 0.002403 -5e-05)
(0.02 0.002403 -5e-05)
(0.021 0.002403 -5e-05)
(0.022 0.002403 -5e-05)
(0.023 0.002403 -5e-05)
(0.024 0.002403 -5e-05)
(0.025 0.002403 -5e-05)
(0.026 0.002403 -5e-05)
(0.027 0.002403 -5e-05)
(0.028 0.002403 -5e-05)
(0.029 0.002403 -5e-05)
(0.03 0.002403 -5e-05)
(0.031 0.002403 -5e-05)
(0.032 0.002403 -5e-05)
(0.033 0.002403 -5e-05)
(0.034 0.002403 -5e-05)
(0.035 0.002403 -5e-05)
(0.036 0.002403 -5e-05)
(0.037 0.002403 -5e-05)
(0.038 0.002403 -5e-05)
(0.039 0.002403 -5e-05)
(0.04 0.002403 -5e-05)
(0.041 0.002403 -5e-05)
(0.042 0.002403 -5e-05)
(0.043 0.002403 -5e-05)
(0.044 0.002403 -5e-05)
(0.045 0.002403 -5e-05)
(0.046 0.002403 -5e-05)
(0.047 0.002403 -5e-05)
(0.048 0.002403 -5e-05)
(0.049 0.002403 -5e-05)
(0.05 0.002403 -5e-05)
(0 0.0025025 -5e-05)
(0.001 0.0025025 -5e-05)
(0.002 0.0025025 -5e-05)
(0.003 0.0025025 -5e-05)
(0.004 0.0025025 -5e-05)
(0.005 0.0025025 -5e-05)
(0.006 0.0025025 -5e-05)
(0.007 0.0025025 -5e-05)
(0.008 0.0025025 -5e-05)
(0.009 0.0025025 -5e-05)
(0.01 0.0025025 -5e-05)
(0.011 0.0025025 -5e-05)
(0.012 0.0025025 -5e-05)
(0.013 0.0025025 -5e-05)
(0.014 0.0025025 -5e-05)
(0.015 0.0025025 -5e-05)
(0.016 0.0025025 -5e-05)
(0.017 0.0025025 -5e-05)
(0.018 0.0025025 -5e-05)
(0.019 0.0025025 -5e-05)
(0.02 0.0025025 -5e-05)
(0.021 0.0025025 -5e-05)
(0.022 0.0025025 -5e-05)
(0.023 0.0025025 -5e-05)
(0.024 0.0025025 -5e-05)
(0.025 0.0025025 -5e-05)
(0.026 0.0025025 -5e-05)
(0.027 0.0025025 -5e-05)
(0.028 0.0025025 -5e-05)
(0.029 0.0025025 -5e-05)
(0.03 0.0025025 -5e-05)
(0.031 0.0025025 -5e-05)
(0.032 0.0025025 -5e-05)
(0.033 0.0025025 -5e-05)
(0.034 0.0025025 -5e-05)
(0.035 0.0025025 -5e-05)
(0.036 0.0025025 -5e-05)
(0.037 0.0025025 -5e-05)
(0.038 0.0025025 -5e-05)
(0.039 0.0025025 -5e-05)
(0.04 0.0025025 -5e-05)
(0.041 0.0025025 -5e-05)
(0.042 0.0025025 -5e-05)
(0.043 0.0025025 -5e-05)
(0.044 0.0025025 -5e-05)
(0.045 0.0025025 -5e-05)
(0.046 0.0025025 -5e-05)
(0.047 0.0025025 -5e-05)
(0.048 0.0025025 -5e-05)
(0.049 0.0025025 -5e-05)
(0.05 0.0025025 -5e-05)
(0 0.002602 -5e-05)
(0.001 0.002602 -5e-05)
(0.002 0.002602 -5e-05)
(0.003 0.002602 -5e-05)
(0.004 0.002602 -5e-05)
(0.005 0.002602 -5e-05)
(0.006 0.002602 -5e-05)
(0.007 0.002602 -5e-05)
(0.008 0.002602 -5e-05)
(0.009 0.002602 -5e-05)
(0.01 0.002602 -5e-05)
(0.011 0.002602 -5e-05)
(0.012 0.002602 -5e-05)
(0.013 0.002602 -5e-05)
(0.014 0.002602 -5e-05)
(0.015 0.002602 -5e-05)
(0.016 0.002602 -5e-05)
(0.017 0.002602 -5e-05)
(0.018 0.002602 -5e-05)
(0.019 0.002602 -5e-05)
(0.02 0.002602 -5e-05)
(0.021 0.002602 -5e-05)
(0.022 0.002602 -5e-05)
(0.023 0.002602 -5e-05)
(0.024 0.002602 -5e-05)
(0.025 0.002602 -5e-05)
(0.026 0.002602 -5e-05)
(0.027 0.002602 -5e-05)
(0.028 0.002602 -5e-05)
(0.029 0.002602 -5e-05)
(0.03 0.002602 -5e-05)
(0.031 0.002602 -5e-05)
(0.032 0.002602 -5e-05)
(0.033 0.002602 -5e-05)
(0.034 0.002602 -5e-05)
(0.035 0.002602 -5e-05)
(0.036 0.002602 -5e-05)
(0.037 0.002602 -5e-05)
(0.038 0.002602 -5e-05)
(0.039 0.002602 -5e-05)
(0.04 0.002602 -5e-05)
(0.041 0.002602 -5e-05)
(0.042 0.002602 -5e-05)
(0.043 0.002602 -5e-05)
(0.044 0.002602 -5e-05)
(0.045 0.002602 -5e-05)
(0.046 0.002602 -5e-05)
(0.047 0.002602 -5e-05)
(0.048 0.002602 -5e-05)
(0.049 0.002602 -5e-05)
(0.05 0.002602 -5e-05)
(0 0.0027015 -5e-05)
(0.001 0.0027015 -5e-05)
(0.002 0.0027015 -5e-05)
(0.003 0.0027015 -5e-05)
(0.004 0.0027015 -5e-05)
(0.005 0.0027015 -5e-05)
(0.006 0.0027015 -5e-05)
(0.007 0.0027015 -5e-05)
(0.008 0.0027015 -5e-05)
(0.009 0.0027015 -5e-05)
(0.01 0.0027015 -5e-05)
(0.011 0.0027015 -5e-05)
(0.012 0.0027015 -5e-05)
(0.013 0.0027015 -5e-05)
(0.014 0.0027015 -5e-05)
(0.015 0.0027015 -5e-05)
(0.016 0.0027015 -5e-05)
(0.017 0.0027015 -5e-05)
(0.018 0.0027015 -5e-05)
(0.019 0.0027015 -5e-05)
(0.02 0.0027015 -5e-05)
(0.021 0.0027015 -5e-05)
(0.022 0.0027015 -5e-05)
(0.023 0.0027015 -5e-05)
(0.024 0.0027015 -5e-05)
(0.025 0.0027015 -5e-05)
(0.026 0.0027015 -5e-05)
(0.027 0.0027015 -5e-05)
(0.028 0.0027015 -5e-05)
(0.029 0.0027015 -5e-05)
(0.03 0.0027015 -5e-05)
(0.031 0.0027015 -5e-05)
(0.032 0.0027015 -5e-05)
(0.033 0.0027015 -5e-05)
(0.034 0.0027015 -5e-05)
(0.035 0.0027015 -5e-05)
(0.036 0.0027015 -5e-05)
(0.037 0.0027015 -5e-05)
(0.038 0.0027015 -5e-05)
(0.039 0.0027015 -5e-05)
(0.04 0.0027015 -5e-05)
(0.041 0.0027015 -5e-05)
(0.042 0.0027015 -5e-05)
(0.043 0.0027015 -5e-05)
(0.044 0.0027015 -5e-05)
(0.045 0.0027015 -5e-05)
(0.046 0.0027015 -5e-05)
(0.047 0.0027015 -5e-05)
(0.048 0.0027015 -5e-05)
(0.049 0.0027015 -5e-05)
(0.05 0.0027015 -5e-05)
(0 0.002801 -5e-05)
(0.001 0.002801 -5e-05)
(0.002 0.002801 -5e-05)
(0.003 0.002801 -5e-05)
(0.004 0.002801 -5e-05)
(0.005 0.002801 -5e-05)
(0.006 0.002801 -5e-05)
(0.007 0.002801 -5e-05)
(0.008 0.002801 -5e-05)
(0.009 0.002801 -5e-05)
(0.01 0.002801 -5e-05)
(0.011 0.002801 -5e-05)
(0.012 0.002801 -5e-05)
(0.013 0.002801 -5e-05)
(0.014 0.002801 -5e-05)
(0.015 0.002801 -5e-05)
(0.016 0.002801 -5e-05)
(0.017 0.002801 -5e-05)
(0.018 0.002801 -5e-05)
(0.019 0.002801 -5e-05)
(0.02 0.002801 -5e-05)
(0.021 0.002801 -5e-05)
(0.022 0.002801 -5e-05)
(0.023 0.002801 -5e-05)
(0.024 0.002801 -5e-05)
(0.025 0.002801 -5e-05)
(0.026 0.002801 -5e-05)
(0.027 0.002801 -5e-05)
(0.028 0.002801 -5e-05)
(0.029 0.002801 -5e-05)
(0.03 0.002801 -5e-05)
(0.031 0.002801 -5e-05)
(0.032 0.002801 -5e-05)
(0.033 0.002801 -5e-05)
(0.034 0.002801 -5e-05)
(0.035 0.002801 -5e-05)
(0.036 0.002801 -5e-05)
(0.037 0.002801 -5e-05)
(0.038 0.002801 -5e-05)
(0.039 0.002801 -5e-05)
(0.04 0.002801 -5e-05)
(0.041 0.002801 -5e-05)
(0.042 0.002801 -5e-05)
(0.043 0.002801 -5e-05)
(0.044 0.002801 -5e-05)
(0.045 0.002801 -5e-05)
(0.046 0.002801 -5e-05)
(0.047 0.002801 -5e-05)
(0.048 0.002801 -5e-05)
(0.049 0.002801 -5e-05)
(0.05 0.002801 -5e-05)
(0 0.0029005 -5e-05)
(0.001 0.0029005 -5e-05)
(0.002 0.0029005 -5e-05)
(0.003 0.0029005 -5e-05)
(0.004 0.0029005 -5e-05)
(0.005 0.0029005 -5e-05)
(0.006 0.0029005 -5e-05)
(0.007 0.0029005 -5e-05)
(0.008 0.0029005 -5e-05)
(0.009 0.0029005 -5e-05)
(0.01 0.0029005 -5e-05)
(0.011 0.0029005 -5e-05)
(0.012 0.0029005 -5e-05)
(0.013 0.0029005 -5e-05)
(0.014 0.0029005 -5e-05)
(0.015 0.0029005 -5e-05)
(0.016 0.0029005 -5e-05)
(0.017 0.0029005 -5e-05)
(0.018 0.0029005 -5e-05)
(0.019 0.0029005 -5e-05)
(0.02 0.0029005 -5e-05)
(0.021 0.0029005 -5e-05)
(0.022 0.0029005 -5e-05)
(0.023 0.0029005 -5e-05)
(0.024 0.0029005 -5e-05)
(0.025 0.0029005 -5e-05)
(0.026 0.0029005 -5e-05)
(0.027 0.0029005 -5e-05)
(0.028 0.0029005 -5e-05)
(0.029 0.0029005 -5e-05)
(0.03 0.0029005 -5e-05)
(0.031 0.0029005 -5e-05)
(0.032 0.0029005 -5e-05)
(0.033 0.0029005 -5e-05)
(0.034 0.0029005 -5e-05)
(0.035 0.0029005 -5e-05)
(0.036 0.0029005 -5e-05)
(0.037 0.0029005 -5e-05)
(0.038 0.0029005 -5e-05)
(0.039 0.0029005 -5e-05)
(0.04 0.0029005 -5e-05)
(0.041 0.0029005 -5e-05)
(0.042 0.0029005 -5e-05)
(0.043 0.0029005 -5e-05)
(0.044 0.0029005 -5e-05)
(0.045 0.0029005 -5e-05)
(0.046 0.0029005 -5e-05)
(0.047 0.0029005 -5e-05)
(0.048 0.0029005 -5e-05)
(0.049 0.0029005 -5e-05)
(0.05 0.0029005 -5e-05)
(0 0.003 -5e-05)
(0.001 0.003 -5e-05)
(0.002 0.003 -5e-05)
(0.003 0.003 -5e-05)
(0.004 0.003 -5e-05)
(0.005 0.003 -5e-05)
(0.006 0.003 -5e-05)
(0.007 0.003 -5e-05)
(0.008 0.003 -5e-05)
(0.009 0.003 -5e-05)
(0.01 0.003 -5e-05)
(0.011 0.003 -5e-05)
(0.012 0.003 -5e-05)
(0.013 0.003 -5e-05)
(0.014 0.003 -5e-05)
(0.015 0.003 -5e-05)
(0.016 0.003 -5e-05)
(0.017 0.003 -5e-05)
(0.018 0.003 -5e-05)
(0.019 0.003 -5e-05)
(0.02 0.003 -5e-05)
(0.021 0.003 -5e-05)
(0.022 0.003 -5e-05)
(0.023 0.003 -5e-05)
(0.024 0.003 -5e-05)
(0.025 0.003 -5e-05)
(0.026 0.003 -5e-05)
(0.027 0.003 -5e-05)
(0.028 0.003 -5e-05)
(0.029 0.003 -5e-05)
(0.03 0.003 -5e-05)
(0.031 0.003 -5e-05)
(0.032 0.003 -5e-05)
(0.033 0.003 -5e-05)
(0.034 0.003 -5e-05)
(0.035 0.003 -5e-05)
(0.036 0.003 -5e-05)
(0.037 0.003 -5e-05)
(0.038 0.003 -5e-05)
(0.039 0.003 -5e-05)
(0.04 0.003 -5e-05)
(0.041 0.003 -5e-05)
(0.042 0.003 -5e-05)
(0.043 0.003 -5e-05)
(0.044 0.003 -5e-05)
(0.045 0.003 -5e-05)
(0.046 0.003 -5e-05)
(0.047 0.003 -5e-05)
(0.048 0.003 -5e-05)
(0.049 0.003 -5e-05)
(0.05 0.003 -5e-05)
(0 0.00101 5e-05)
(0.001 0.00101 5e-05)
(0.002 0.00101 5e-05)
(0.003 0.00101 5e-05)
(0.004 0.00101 5e-05)
(0.005 0.00101 5e-05)
(0.006 0.00101 5e-05)
(0.007 0.00101 5e-05)
(0.008 0.00101 5e-05)
(0.009 0.00101 5e-05)
(0.01 0.00101 5e-05)
(0.011 0.00101 5e-05)
(0.012 0.00101 5e-05)
(0.013 0.00101 5e-05)
(0.014 0.00101 5e-05)
(0.015 0.00101 5e-05)
(0.016 0.00101 5e-05)
(0.017 0.00101 5e-05)
(0.018 0.00101 5e-05)
(0.019 0.00101 5e-05)
(0.02 0.00101 5e-05)
(0.021 0.00101 5e-05)
(0.022 0.00101 5e-05)
(0.023 0.00101 5e-05)
(0.024 0.00101 5e-05)
(0.025 0.00101 5e-05)
(0.026 0.00101 5e-05)
(0.027 0.00101 5e-05)
(0.028 0.00101 5e-05)
(0.029 0.00101 5e-05)
(0.03 0.00101 5e-05)
(0.031 0.00101 5e-05)
(0.032 0.00101 5e-05)
(0.033 0.00101 5e-05)
(0.034 0.00101 5e-05)
(0.035 0.00101 5e-05)
(0.036 0.00101 5e-05)
(0.037 0.00101 5e-05)
(0.038 0.00101 5e-05)
(0.039 0.00101 5e-05)
(0.04 0.00101 5e-05)
(0.041 0.00101 5e-05)
(0.042 0.00101 5e-05)
(0.043 0.00101 5e-05)
(0.044 0.00101 5e-05)
(0.045 0.00101 5e-05)
(0.046 0.00101 5e-05)
(0.047 0.00101 5e-05)
(0.048 0.00101 5e-05)
(0.049 0.00101 5e-05)
(0.05 0.00101 5e-05)
(0 0.0011095 5e-05)
(0.001 0.0011095 5e-05)
(0.002 0.0011095 5e-05)
(0.003 0.0011095 5e-05)
(0.004 0.0011095 5e-05)
(0.005 0.0011095 5e-05)
(0.006 0.0011095 5e-05)
(0.007 0.0011095 5e-05)
(0.008 0.0011095 5e-05)
(0.009 0.0011095 5e-05)
(0.01 0.0011095 5e-05)
(0.011 0.0011095 5e-05)
(0.012 0.0011095 5e-05)
(0.013 0.0011095 5e-05)
(0.014 0.0011095 5e-05)
(0.015 0.0011095 5e-05)
(0.016 0.0011095 5e-05)
(0.017 0.0011095 5e-05)
(0.018 0.0011095 5e-05)
(0.019 0.0011095 5e-05)
(0.02 0.0011095 5e-05)
(0.021 0.0011095 5e-05)
(0.022 0.0011095 5e-05)
(0.023 0.0011095 5e-05)
(0.024 0.0011095 5e-05)
(0.025 0.0011095 5e-05)
(0.026 0.0011095 5e-05)
(0.027 0.0011095 5e-05)
(0.028 0.0011095 5e-05)
(0.029 0.0011095 5e-05)
(0.03 0.0011095 5e-05)
(0.031 0.0011095 5e-05)
(0.032 0.0011095 5e-05)
(0.033 0.0011095 5e-05)
(0.034 0.0011095 5e-05)
(0.035 0.0011095 5e-05)
(0.036 0.0011095 5e-05)
(0.037 0.0011095 5e-05)
(0.038 0.0011095 5e-05)
(0.039 0.0011095 5e-05)
(0.04 0.0011095 5e-05)
(0.041 0.0011095 5e-05)
(0.042 0.0011095 5e-05)
(0.043 0.0011095 5e-05)
(0.044 0.0011095 5e-05)
(0.045 0.0011095 5e-05)
(0.046 0.0011095 5e-05)
(0.047 0.0011095 5e-05)
(0.048 0.0011095 5e-05)
(0.049 0.0011095 5e-05)
(0.05 0.0011095 5e-05)
(0 0.001209 5e-05)
(0.001 0.001209 5e-05)
(0.002 0.001209 5e-05)
(0.003 0.001209 5e-05)
(0.004 0.001209 5e-05)
(0.005 0.001209 5e-05)
(0.006 0.001209 5e-05)
(0.007 0.001209 5e-05)
(0.008 0.001209 5e-05)
(0.009 0.001209 5e-05)
(0.01 0.001209 5e-05)
(0.011 0.001209 5e-05)
(0.012 0.001209 5e-05)
(0.013 0.001209 5e-05)
(0.014 0.001209 5e-05)
(0.015 0.001209 5e-05)
(0.016 0.001209 5e-05)
(0.017 0.001209 5e-05)
(0.018 0.001209 5e-05)
(0.019 0.001209 5e-05)
(0.02 0.001209 5e-05)
(0.021 0.001209 5e-05)
(0.022 0.001209 5e-05)
(0.023 0.001209 5e-05)
(0.024 0.001209 5e-05)
(0.025 0.001209 5e-05)
(0.026 0.001209 5e-05)
(0.027 0.001209 5e-05)
(0.028 0.001209 5e-05)
(0.029 0.001209 5e-05)
(0.03 0.001209 5e-05)
(0.031 0.001209 5e-05)
(0.032 0.001209 5e-05)
(0.033 0.001209 5e-05)
(0.034 0.001209 5e-05)
(0.035 0.001209 5e-05)
(0.036 0.001209 5e-05)
(0.037 0.001209 5e-05)
(0.038 0.001209 5e-05)
(0.039 0.001209 5e-05)
(0.04 0.001209 5e-05)
(0.041 0.001209 5e-05)
(0.042 0.001209 5e-05)
(0.043 0.001209 5e-05)
(0.044 0.001209 5e-05)
(0.045 0.001209 5e-05)
(0.046 0.001209 5e-05)
(0.047 0.001209 5e-05)
(0.048 0.001209 5e-05)
(0.049 0.001209 5e-05)
(0.05 0.001209 5e-05)
(0 0.0013085 5e-05)
(0.001 0.0013085 5e-05)
(0.002 0.0013085 5e-05)
(0.003 0.0013085 5e-05)
(0.004 0.0013085 5e-05)
(0.005 0.0013085 5e-05)
(0.006 0.0013085 5e-05)
(0.007 0.0013085 5e-05)
(0.008 0.0013085 5e-05)
(0.009 0.0013085 5e-05)
(0.01 0.0013085 5e-05)
(0.011 0.0013085 5e-05)
(0.012 0.0013085 5e-05)
(0.013 0.0013085 5e-05)
(0.014 0.0013085 5e-05)
(0.015 0.0013085 5e-05)
(0.016 0.0013085 5e-05)
(0.017 0.0013085 5e-05)
(0.018 0.0013085 5e-05)
(0.019 0.0013085 5e-05)
(0.02 0.0013085 5e-05)
(0.021 0.0013085 5e-05)
(0.022 0.0013085 5e-05)
(0.023 0.0013085 5e-05)
(0.024 0.0013085 5e-05)
(0.025 0.0013085 5e-05)
(0.026 0.0013085 5e-05)
(0.027 0.0013085 5e-05)
(0.028 0.0013085 5e-05)
(0.029 0.0013085 5e-05)
(0.03 0.0013085 5e-05)
(0.031 0.0013085 5e-05)
(0.032 0.0013085 5e-05)
(0.033 0.0013085 5e-05)
(0.034 0.0013085 5e-05)
(0.035 0.0013085 5e-05)
(0.036 0.0013085 5e-05)
(0.037 0.0013085 5e-05)
(0.038 0.0013085 5e-05)
(0.039 0.0013085 5e-05)
(0.04 0.0013085 5e-05)
(0.041 0.0013085 5e-05)
(0.042 0.0013085 5e-05)
(0.043 0.0013085 5e-05)
(0.044 0.0013085 5e-05)
(0.045 0.0013085 5e-05)
(0.046 0.0013085 5e-05)
(0.047 0.0013085 5e-05)
(0.048 0.0013085 5e-05)
(0.049 0.0013085 5e-05)
(0.05 0.0013085 5e-05)
(0 0.001408 5e-05)
(0.001 0.001408 5e-05)
(0.002 0.001408 5e-05)
(0.003 0.001408 5e-05)
(0.004 0.001408 5e-05)
(0.005 0.001408 5e-05)
(0.006 0.001408 5e-05)
(0.007 0.001408 5e-05)
(0.008 0.001408 5e-05)
(0.009 0.001408 5e-05)
(0.01 0.001408 5e-05)
(0.011 0.001408 5e-05)
(0.012 0.001408 5e-05)
(0.013 0.001408 5e-05)
(0.014 0.001408 5e-05)
(0.015 0.001408 5e-05)
(0.016 0.001408 5e-05)
(0.017 0.001408 5e-05)
(0.018 0.001408 5e-05)
(0.019 0.001408 5e-05)
(0.02 0.001408 5e-05)
(0.021 0.001408 5e-05)
(0.022 0.001408 5e-05)
(0.023 0.001408 5e-05)
(0.024 0.001408 5e-05)
(0.025 0.001408 5e-05)
(0.026 0.001408 5e-05)
(0.027 0.001408 5e-05)
(0.028 0.001408 5e-05)
(0.029 0.001408 5e-05)
(0.03 0.001408 5e-05)
(0.031 0.001408 5e-05)
(0.032 0.001408 5e-05)
(0.033 0.001408 5e-05)
(0.034 0.001408 5e-05)
(0.035 0.001408 5e-05)
(0.036 0.001408 5e-05)
(0.037 0.001408 5e-05)
(0.038 0.001408 5e-05)
(0.039 0.001408 5e-05)
(0.04 0.001408 5e-05)
(0.041 0.001408 5e-05)
(0.042 0.001408 5e-05)
(0.043 0.001408 5e-05)
(0.044 0.001408 5e-05)
(0.045 0.001408 5e-05)
(0.046 0.001408 5e-05)
(0.047 0.001408 5e-05)
(0.048 0.001408 5e-05)
(0.049 0.001408 5e-05)
(0.05 0.001408 5e-05)
(0 0.0015075 5e-05)
(0.001 0.0015075 5e-05)
(0.002 0.0015075 5e-05)
(0.003 0.0015075 5e-05)
(0.004 0.0015075 5e-05)
(0.005 0.0015075 5e-05)
(0.006 0.0015075 5e-05)
(0.007 0.0015075 5e-05)
(0.008 0.0015075 5e-05)
(0.009 0.0015075 5e-05)
(0.01 0.0015075 5e-05)
(0.011 0.0015075 5e-05)
(0.012 0.0015075 5e-05)
(0.013 0.0015075 5e-05)
(0.014 0.0015075 5e-05)
(0.015 0.0015075 5e-05)
(0.016 0.0015075 5e-05)
(0.017 0.0015075 5e-05)
(0.018 0.0015075 5e-05)
(0.019 0.0015075 5e-05)
(0.02 0.0015075 5e-05)
(0.021 0.0015075 5e-05)
(0.022 0.0015075 5e-05)
(0.023 0.0015075 5e-05)
(0.024 0.0015075 5e-05)
(0.025 0.0015075 5e-05)
(0.026 0.0015075 5e-05)
(0.027 0.0015075 5e-05)
(0.028 0.0015075 5e-05)
(0.029 0.0015075 5e-05)
(0.03 0.0015075 5e-05)
(0.031 0.0015075 5e-05)
(0.032 0.0015075 5e-05)
(0.033 0.0015075 5e-05)
(0.034 0.0015075 5e-05)
(0.035 0.0015075 5e-05)
(0.036 0.0015075 5e-05)
(0.037 0.0015075 5e-05)
(0.038 0.0015075 5e-05)
(0.039 0.0015075 5e-05)
(0.04 0.0015075 5e-05)
(0.041 0.0015075 5e-05)
(0.042 0.0015075 5e-05)
(0.043 0.0015075 5e-05)
(0.044 0.0015075 5e-05)
(0.045 0.0015075 5e-05)
(0.046 0.0015075 5e-05)
(0.047 0.0015075 5e-05)
(0.048 0.0015075 5e-05)
(0.049 0.0015075 5e-05)
(0.05 0.0015075 5e-05)
(0 0.001607 5e-05)
(0.001 0.001607 5e-05)
(0.002 0.001607 5e-05)
(0.003 0.001607 5e-05)
(0.004 0.001607 5e-05)
(0.005 0.001607 5e-05)
(0.006 0.001607 5e-05)
(0.007 0.001607 5e-05)
(0.008 0.001607 5e-05)
(0.009 0.001607 5e-05)
(0.01 0.001607 5e-05)
(0.011 0.001607 5e-05)
(0.012 0.001607 5e-05)
(0.013 0.001607 5e-05)
(0.014 0.001607 5e-05)
(0.015 0.001607 5e-05)
(0.016 0.001607 5e-05)
(0.017 0.001607 5e-05)
(0.018 0.001607 5e-05)
(0.019 0.001607 5e-05)
(0.02 0.001607 5e-05)
(0.021 0.001607 5e-05)
(0.022 0.001607 5e-05)
(0.023 0.001607 5e-05)
(0.024 0.001607 5e-05)
(0.025 0.001607 5e-05)
(0.026 0.001607 5e-05)
(0.027 0.001607 5e-05)
(0.028 0.001607 5e-05)
(0.029 0.001607 5e-05)
(0.03 0.001607 5e-05)
(0.031 0.001607 5e-05)
(0.032 0.001607 5e-05)
(0.033 0.001607 5e-05)
(0.034 0.001607 5e-05)
(0.035 0.001607 5e-05)
(0.036 0.001607 5e-05)
(0.037 0.001607 5e-05)
(0.038 0.001607 5e-05)
(0.039 0.001607 5e-05)
(0.04 0.001607 5e-05)
(0.041 0.001607 5e-05)
(0.042 0.001607 5e-05)
(0.043 0.001607 5e-05)
(0.044 0.001607 5e-05)
(0.045 0.001607 5e-05)
(0.046 0.001607 5e-05)
(0.047 0.001607 5e-05)
(0.048 0.001607 5e-05)
(0.049 0.001607 5e-05)
(0.05 0.001607 5e-05)
(0 0.0017065 5e-05)
(0.001 0.0017065 5e-05)
(0.002 0.0017065 5e-05)
(0.003 0.0017065 5e-05)
(0.004 0.0017065 5e-05)
(0.005 0.0017065 5e-05)
(0.006 0.0017065 5e-05)
(0.007 0.0017065 5e-05)
(0.008 0.0017065 5e-05)
(0.009 0.0017065 5e-05)
(0.01 0.0017065 5e-05)
(0.011 0.0017065 5e-05)
(0.012 0.0017065 5e-05)
(0.013 0.0017065 5e-05)
(0.014 0.0017065 5e-05)
(0.015 0.0017065 5e-05)
(0.016 0.0017065 5e-05)
(0.017 0.0017065 5e-05)
(0.018 0.0017065 5e-05)
(0.019 0.0017065 5e-05)
(0.02 0.0017065 5e-05)
(0.021 0.0017065 5e-05)
(0.022 0.0017065 5e-05)
(0.023 0.0017065 5e-05)
(0.024 0.0017065 5e-05)
(0.025 0.0017065 5e-05)
(0.026 0.0017065 5e-05)
(0.027 0.0017065 5e-05)
(0.028 0.0017065 5e-05)
(0.029 0.0017065 5e-05)
(0.03 0.0017065 5e-05)
(0.031 0.0017065 5e-05)
(0.032 0.0017065 5e-05)
(0.033 0.0017065 5e-05)
(0.034 0.0017065 5e-05)
(0.035 0.0017065 5e-05)
(0.036 0.0017065 5e-05)
(0.037 0.0017065 5e-05)
(0.038 0.0017065 5e-05)
(0.039 0.0017065 5e-05)
(0.04 0.0017065 5e-05)
(0.041 0.0017065 5e-05)
(0.042 0.0017065 5e-05)
(0.043 0.0017065 5e-05)
(0.044 0.0017065 5e-05)
(0.045 0.0017065 5e-05)
(0.046 0.0017065 5e-05)
(0.047 0.0017065 5e-05)
(0.048 0.0017065 5e-05)
(0.049 0.0017065 5e-05)
(0.05 0.0017065 5e-05)
(0 0.001806 5e-05)
(0.001 0.001806 5e-05)
(0.002 0.001806 5e-05)
(0.003 0.001806 5e-05)
(0.004 0.001806 5e-05)
(0.005 0.001806 5e-05)
(0.006 0.001806 5e-05)
(0.007 0.001806 5e-05)
(0.008 0.001806 5e-05)
(0.009 0.001806 5e-05)
(0.01 0.001806 5e-05)
(0.011 0.001806 5e-05)
(0.012 0.001806 5e-05)
(0.013 0.001806 5e-05)
(0.014 0.001806 5e-05)
(0.015 0.001806 5e-05)
(0.016 0.001806 5e-05)
(0.017 0.001806 5e-05)
(0.018 0.001806 5e-05)
(0.019 0.001806 5e-05)
(0.02 0.001806 5e-05)
(0.021 0.001806 5e-05)
(0.022 0.001806 5e-05)
(0.023 0.001806 5e-05)
(0.024 0.001806 5e-05)
(0.025 0.001806 5e-05)
(0.026 0.001806 5e-05)
(0.027 0.001806 5e-05)
(0.028 0.001806 5e-05)
(0.029 0.001806 5e-05)
(0.03 0.001806 5e-05)
(0.031 0.001806 5e-05)
(0.032 0.001806 5e-05)
(0.033 0.001806 5e-05)
(0.034 0.001806 5e-05)
(0.035 0.001806 5e-05)
(0.036 0.001806 5e-05)
(0.037 0.001806 5e-05)
(0.038 0.001806 5e-05)
(0.039 0.001806 5e-05)
(0.04 0.001806 5e-05)
(0.041 0.001806 5e-05)
(0.042 0.001806 5e-05)
(0.043 0.001806 5e-05)
(0.044 0.001806 5e-05)
(0.045 0.001806 5e-05)
(0.046 0.001806 5e-05)
(0.047 0.001806 5e-05)
(0.048 0.001806 5e-05)
(0.049 0.001806 5e-05)
(0.05 0.001806 5e-05)
(0 0.0019055 5e-05)
(0.001 0.0019055 5e-05)
(0.002 0.0019055 5e-05)
(0.003 0.0019055 5e-05)
(0.004 0.0019055 5e-05)
(0.005 0.0019055 5e-05)
(0.006 0.0019055 5e-05)
(0.007 0.0019055 5e-05)
(0.008 0.0019055 5e-05)
(0.009 0.0019055 5e-05)
(0.01 0.0019055 5e-05)
(0.011 0.0019055 5e-05)
(0.012 0.0019055 5e-05)
(0.013 0.0019055 5e-05)
(0.014 0.0019055 5e-05)
(0.015 0.0019055 5e-05)
(0.016 0.0019055 5e-05)
(0.017 0.0019055 5e-05)
(0.018 0.0019055 5e-05)
(0.019 0.0019055 5e-05)
(0.02 0.0019055 5e-05)
(0.021 0.0019055 5e-05)
(0.022 0.0019055 5e-05)
(0.023 0.0019055 5e-05)
(0.024 0.0019055 5e-05)
(0.025 0.0019055 5e-05)
(0.026 0.0019055 5e-05)
(0.027 0.0019055 5e-05)
(0.028 0.0019055 5e-05)
(0.029 0.0019055 5e-05)
(0.03 0.0019055 5e-05)
(0.031 0.0019055 5e-05)
(0.032 0.0019055 5e-05)
(0.033 0.0019055 5e-05)
(0.034 0.0019055 5e-05)
(0.035 0.0019055 5e-05)
(0.036 0.0019055 5e-05)
(0.037 0.0019055 5e-05)
(0.038 0.0019055 5e-05)
(0.039 0.0019055 5e-05)
(0.04 0.0019055 5e-05)
(0.041 0.0019055 5e-05)
(0.042 0.0019055 5e-05)
(0.043 0.0019055 5e-05)
(0.044 0.0019055 5e-05)
(0.045 0.0019055 5e-05)
(0.046 0.0019055 5e-05)
(0.047 0.0019055 5e-05)
(0.048 0.0019055 5e-05)
(0.049 0.0019055 5e-05)
(0.05 0.0019055 5e-05)
(0 0.002005 5e-05)
(0.001 0.002005 5e-05)
(0.002 0.002005 5e-05)
(0.003 0.002005 5e-05)
(0.004 0.002005 5e-05)
(0.005 0.002005 5e-05)
(0.006 0.002005 5e-05)
(0.007 0.002005 5e-05)
(0.008 0.002005 5e-05)
(0.009 0.002005 5e-05)
(0.01 0.002005 5e-05)
(0.011 0.002005 5e-05)
(0.012 0.002005 5e-05)
(0.013 0.002005 5e-05)
(0.014 0.002005 5e-05)
(0.015 0.002005 5e-05)
(0.016 0.002005 5e-05)
(0.017 0.002005 5e-05)
(0.018 0.002005 5e-05)
(0.019 0.002005 5e-05)
(0.02 0.002005 5e-05)
(0.021 0.002005 5e-05)
(0.022 0.002005 5e-05)
(0.023 0.002005 5e-05)
(0.024 0.002005 5e-05)
(0.025 0.002005 5e-05)
(0.026 0.002005 5e-05)
(0.027 0.002005 5e-05)
(0.028 0.002005 5e-05)
(0.029 0.002005 5e-05)
(0.03 0.002005 5e-05)
(0.031 0.002005 5e-05)
(0.032 0.002005 5e-05)
(0.033 0.002005 5e-05)
(0.034 0.002005 5e-05)
(0.035 0.002005 5e-05)
(0.036 0.002005 5e-05)
(0.037 0.002005 5e-05)
(0.038 0.002005 5e-05)
(0.039 0.002005 5e-05)
(0.04 0.002005 5e-05)
(0.041 0.002005 5e-05)
(0.042 0.002005 5e-05)
(0.043 0.002005 5e-05)
(0.044 0.002005 5e-05)
(0.045 0.002005 5e-05)
(0.046 0.002005 5e-05)
(0.047 0.002005 5e-05)
(0.048 0.002005 5e-05)
(0.049 0.002005 5e-05)
(0.05 0.002005 5e-05)
(0 0.0021045 5e-05)
(0.001 0.0021045 5e-05)
(0.002 0.0021045 5e-05)
(0.003 0.0021045 5e-05)
(0.004 0.0021045 5e-05)
(0.005 0.0021045 5e-05)
(0.006 0.0021045 5e-05)
(0.007 0.0021045 5e-05)
(0.008 0.0021045 5e-05)
(0.009 0.0021045 5e-05)
(0.01 0.0021045 5e-05)
(0.011 0.0021045 5e-05)
(0.012 0.0021045 5e-05)
(0.013 0.0021045 5e-05)
(0.014 0.0021045 5e-05)
(0.015 0.0021045 5e-05)
(0.016 0.0021045 5e-05)
(0.017 0.0021045 5e-05)
(0.018 0.0021045 5e-05)
(0.019 0.0021045 5e-05)
(0.02 0.0021045 5e-05)
(0.021 0.0021045 5e-05)
(0.022 0.0021045 5e-05)
(0.023 0.0021045 5e-05)
(0.024 0.0021045 5e-05)
(0.025 0.0021045 5e-05)
(0.026 0.0021045 5e-05)
(0.027 0.0021045 5e-05)
(0.028 0.0021045 5e-05)
(0.029 0.0021045 5e-05)
(0.03 0.0021045 5e-05)
(0.031 0.0021045 5e-05)
(0.032 0.0021045 5e-05)
(0.033 0.0021045 5e-05)
(0.034 0.0021045 5e-05)
(0.035 0.0021045 5e-05)
(0.036 0.0021045 5e-05)
(0.037 0.0021045 5e-05)
(0.038 0.0021045 5e-05)
(0.039 0.0021045 5e-05)
(0.04 0.0021045 5e-05)
(0.041 0.0021045 5e-05)
(0.042 0.0021045 5e-05)
(0.043 0.0021045 5e-05)
(0.044 0.0021045 5e-05)
(0.045 0.0021045 5e-05)
(0.046 0.0021045 5e-05)
(0.047 0.0021045 5e-05)
(0.048 0.0021045 5e-05)
(0.049 0.0021045 5e-05)
(0.05 0.0021045 5e-05)
(0 0.002204 5e-05)
(0.001 0.002204 5e-05)
(0.002 0.002204 5e-05)
(0.003 0.002204 5e-05)
(0.004 0.002204 5e-05)
(0.005 0.002204 5e-05)
(0.006 0.002204 5e-05)
(0.007 0.002204 5e-05)
(0.008 0.002204 5e-05)
(0.009 0.002204 5e-05)
(0.01 0.002204 5e-05)
(0.011 0.002204 5e-05)
(0.012 0.002204 5e-05)
(0.013 0.002204 5e-05)
(0.014 0.002204 5e-05)
(0.015 0.002204 5e-05)
(0.016 0.002204 5e-05)
(0.017 0.002204 5e-05)
(0.018 0.002204 5e-05)
(0.019 0.002204 5e-05)
(0.02 0.002204 5e-05)
(0.021 0.002204 5e-05)
(0.022 0.002204 5e-05)
(0.023 0.002204 5e-05)
(0.024 0.002204 5e-05)
(0.025 0.002204 5e-05)
(0.026 0.002204 5e-05)
(0.027 0.002204 5e-05)
(0.028 0.002204 5e-05)
(0.029 0.002204 5e-05)
(0.03 0.002204 5e-05)
(0.031 0.002204 5e-05)
(0.032 0.002204 5e-05)
(0.033 0.002204 5e-05)
(0.034 0.002204 5e-05)
(0.035 0.002204 5e-05)
(0.036 0.002204 5e-05)
(0.037 0.002204 5e-05)
(0.038 0.002204 5e-05)
(0.039 0.002204 5e-05)
(0.04 0.002204 5e-05)
(0.041 0.002204 5e-05)
(0.042 0.002204 5e-05)
(0.043 0.002204 5e-05)
(0.044 0.002204 5e-05)
(0.045 0.002204 5e-05)
(0.046 0.002204 5e-05)
(0.047 0.002204 5e-05)
(0.048 0.002204 5e-05)
(0.049 0.002204 5e-05)
(0.05 0.002204 5e-05)
(0 0.0023035 5e-05)
(0.001 0.0023035 5e-05)
(0.002 0.0023035 5e-05)
(0.003 0.0023035 5e-05)
(0.004 0.0023035 5e-05)
(0.005 0.0023035 5e-05)
(0.006 0.0023035 5e-05)
(0.007 0.0023035 5e-05)
(0.008 0.0023035 5e-05)
(0.009 0.0023035 5e-05)
(0.01 0.0023035 5e-05)
(0.011 0.0023035 5e-05)
(0.012 0.0023035 5e-05)
(0.013 0.0023035 5e-05)
(0.014 0.0023035 5e-05)
(0.015 0.0023035 5e-05)
(0.016 0.0023035 5e-05)
(0.017 0.0023035 5e-05)
(0.018 0.0023035 5e-05)
(0.019 0.0023035 5e-05)
(0.02 0.0023035 5e-05)
(0.021 0.0023035 5e-05)
(0.022 0.0023035 5e-05)
(0.023 0.0023035 5e-05)
(0.024 0.0023035 5e-05)
(0.025 0.0023035 5e-05)
(0.026 0.0023035 5e-05)
(0.027 0.0023035 5e-05)
(0.028 0.0023035 5e-05)
(0.029 0.0023035 5e-05)
(0.03 0.0023035 5e-05)
(0.031 0.0023035 5e-05)
(0.032 0.0023035 5e-05)
(0.033 0.0023035 5e-05)
(0.034 0.0023035 5e-05)
(0.035 0.0023035 5e-05)
(0.036 0.0023035 5e-05)
(0.037 0.0023035 5e-05)
(0.038 0.0023035 5e-05)
(0.039 0.0023035 5e-05)
(0.04 0.0023035 5e-05)
(0.041 0.0023035 5e-05)
(0.042 0.0023035 5e-05)
(0.043 0.0023035 5e-05)
(0.044 0.0023035 5e-05)
(0.045 0.0023035 5e-05)
(0.046 0.0023035 5e-05)
(0.047 0.0023035 5e-05)
(0.048 0.0023035 5e-05)
(0.049 0.0023035 5e-05)
(0.05 0.0023035 5e-05)
(0 0.002403 5e-05)
(0.001 0.002403 5e-05)
(0.002 0.002403 5e-05)
(0.003 0.002403 5e-05)
(0.004 0.002403 5e-05)
(0.005 0.002403 5e-05)
(0.006 0.002403 5e-05)
(0.007 0.002403 5e-05)
(0.008 0.002403 5e-05)
(0.009 0.002403 5e-05)
(0.01 0.002403 5e-05)
(0.011 0.002403 5e-05)
(0.012 0.002403 5e-05)
(0.013 0.002403 5e-05)
(0.014 0.002403 5e-05)
(0.015 0.002403 5e-05)
(0.016 0.002403 5e-05)
(0.017 0.002403 5e-05)
(0.018 0.002403 5e-05)
(0.019 0.002403 5e-05)
(0.02 0.002403 5e-05)
(0.021 0.002403 5e-05)
(0.022 0.002403 5e-05)
(0.023 0.002403 5e-05)
(0.024 0.002403 5e-05)
(0.025 0.002403 5e-05)
(0.026 0.002403 5e-05)
(0.027 0.002403 5e-05)
(0.028 0.002403 5e-05)
(0.029 0.002403 5e-05)
(0.03 0.002403 5e-05)
(0.031 0.002403 5e-05)
(0.032 0.002403 5e-05)
(0.033 0.002403 5e-05)
(0.034 0.002403 5e-05)
(0.035 0.002403 5e-05)
(0.036 0.002403 5e-05)
(0.037 0.002403 5e-05)
(0.038 0.002403 5e-05)
(0.039 0.002403 5e-05)
(0.04 0.002403 5e-05)
(0.041 0.002403 5e-05)
(0.042 0.002403 5e-05)
(0.043 0.002403 5e-05)
(0.044 0.002403 5e-05)
(0.045 0.002403 5e-05)
(0.046 0.002403 5e-05)
(0.047 0.002403 5e-05)
(0.048 0.002403 5e-05)
(0.049 0.002403 5e-05)
(0.05 0.002403 5e-05)
(0 0.0025025 5e-05)
(0.001 0.0025025 5e-05)
(0.002 0.0025025 5e-05)
(0.003 0.0025025 5e-05)
(0.004 0.0025025 5e-05)
(0.005 0.0025025 5e-05)
(0.006 0.0025025 5e-05)
(0.007 0.0025025 5e-05)
(0.008 0.0025025 5e-05)
(0.009 0.0025025 5e-05)
(0.01 0.0025025 5e-05)
(0.011 0.0025025 5e-05)
(0.012 0.0025025 5e-05)
(0.013 0.0025025 5e-05)
(0.014 0.0025025 5e-05)
(0.015 0.0025025 5e-05)
(0.016 0.0025025 5e-05)
(0.017 0.0025025 5e-05)
(0.018 0.0025025 5e-05)
(0.019 0.0025025 5e-05)
(0.02 0.0025025 5e-05)
(0.021 0.0025025 5e-05)
(0.022 0.0025025 5e-05)
(0.023 0.0025025 5e-05)
(0.024 0.0025025 5e-05)
(0.025 0.0025025 5e-05)
(0.026 0.0025025 5e-05)
(0.027 0.0025025 5e-05)
(0.028 0.0025025 5e-05)
(0.029 0.0025025 5e-05)
(0.03 0.0025025 5e-05)
(0.031 0.0025025 5e-05)
(0.032 0.0025025 5e-05)
(0.033 0.0025025 5e-05)
(0.034 0.0025025 5e-05)
(0.035 0.0025025 5e-05)
(0.036 0.0025025 5e-05)
(0.037 0.0025025 5e-05)
(0.038 0.0025025 5e-05)
(0.039 0.0025025 5e-05)
(0.04 0.0025025 5e-05)
(0.041 0.0025025 5e-05)
(0.042 0.0025025 5e-05)
(0.043 0.0025025 5e-05)
(0.044 0.0025025 5e-05)
(0.045 0.0025025 5e-05)
(0.046 0.0025025 5e-05)
(0.047 0.0025025 5e-05)
(0.048 0.0025025 5e-05)
(0.049 0.0025025 5e-05)
(0.05 0.0025025 5e-05)
(0 0.002602 5e-05)
(0.001 0.002602 5e-05)
(0.002 0.002602 5e-05)
(0.003 0.002602 5e-05)
(0.004 0.002602 5e-05)
(0.005 0.002602 5e-05)
(0.006 0.002602 5e-05)
(0.007 0.002602 5e-05)
(0.008 0.002602 5e-05)
(0.009 0.002602 5e-05)
(0.01 0.002602 5e-05)
(0.011 0.002602 5e-05)
(0.012 0.002602 5e-05)
(0.013 0.002602 5e-05)
(0.014 0.002602 5e-05)
(0.015 0.002602 5e-05)
(0.016 0.002602 5e-05)
(0.017 0.002602 5e-05)
(0.018 0.002602 5e-05)
(0.019 0.002602 5e-05)
(0.02 0.002602 5e-05)
(0.021 0.002602 5e-05)
(0.022 0.002602 5e-05)
(0.023 0.002602 5e-05)
(0.024 0.002602 5e-05)
(0.025 0.002602 5e-05)
(0.026 0.002602 5e-05)
(0.027 0.002602 5e-05)
(0.028 0.002602 5e-05)
(0.029 0.002602 5e-05)
(0.03 0.002602 5e-05)
(0.031 0.002602 5e-05)
(0.032 0.002602 5e-05)
(0.033 0.002602 5e-05)
(0.034 0.002602 5e-05)
(0.035 0.002602 5e-05)
(0.036 0.002602 5e-05)
(0.037 0.002602 5e-05)
(0.038 0.002602 5e-05)
(0.039 0.002602 5e-05)
(0.04 0.002602 5e-05)
(0.041 0.002602 5e-05)
(0.042 0.002602 5e-05)
(0.043 0.002602 5e-05)
(0.044 0.002602 5e-05)
(0.045 0.002602 5e-05)
(0.046 0.002602 5e-05)
(0.047 0.002602 5e-05)
(0.048 0.002602 5e-05)
(0.049 0.002602 5e-05)
(0.05 0.002602 5e-05)
(0 0.0027015 5e-05)
(0.001 0.0027015 5e-05)
(0.002 0.0027015 5e-05)
(0.003 0.0027015 5e-05)
(0.004 0.0027015 5e-05)
(0.005 0.0027015 5e-05)
(0.006 0.0027015 5e-05)
(0.007 0.0027015 5e-05)
(0.008 0.0027015 5e-05)
(0.009 0.0027015 5e-05)
(0.01 0.0027015 5e-05)
(0.011 0.0027015 5e-05)
(0.012 0.0027015 5e-05)
(0.013 0.0027015 5e-05)
(0.014 0.0027015 5e-05)
(0.015 0.0027015 5e-05)
(0.016 0.0027015 5e-05)
(0.017 0.0027015 5e-05)
(0.018 0.0027015 5e-05)
(0.019 0.0027015 5e-05)
(0.02 0.0027015 5e-05)
(0.021 0.0027015 5e-05)
(0.022 0.0027015 5e-05)
(0.023 0.0027015 5e-05)
(0.024 0.0027015 5e-05)
(0.025 0.0027015 5e-05)
(0.026 0.0027015 5e-05)
(0.027 0.0027015 5e-05)
(0.028 0.0027015 5e-05)
(0.029 0.0027015 5e-05)
(0.03 0.0027015 5e-05)
(0.031 0.0027015 5e-05)
(0.032 0.0027015 5e-05)
(0.033 0.0027015 5e-05)
(0.034 0.0027015 5e-05)
(0.035 0.0027015 5e-05)
(0.036 0.0027015 5e-05)
(0.037 0.0027015 5e-05)
(0.038 0.0027015 5e-05)
(0.039 0.0027015 5e-05)
(0.04 0.0027015 5e-05)
(0.041 0.0027015 5e-05)
(0.042 0.0027015 5e-05)
(0.043 0.0027015 5e-05)
(0.044 0.0027015 5e-05)
(0.045 0.0027015 5e-05)
(0.046 0.0027015 5e-05)
(0.047 0.0027015 5e-05)
(0.048 0.0027015 5e-05)
(0.049 0.0027015 5e-05)
(0.05 0.0027015 5e-05)
(0 0.002801 5e-05)
(0.001 0.002801 5e-05)
(0.002 0.002801 5e-05)
(0.003 0.002801 5e-05)
(0.004 0.002801 5e-05)
(0.005 0.002801 5e-05)
(0.006 0.002801 5e-05)
(0.007 0.002801 5e-05)
(0.008 0.002801 5e-05)
(0.009 0.002801 5e-05)
(0.01 0.002801 5e-05)
(0.011 0.002801 5e-05)
(0.012 0.002801 5e-05)
(0.013 0.002801 5e-05)
(0.014 0.002801 5e-05)
(0.015 0.002801 5e-05)
(0.016 0.002801 5e-05)
(0.017 0.002801 5e-05)
(0.018 0.002801 5e-05)
(0.019 0.002801 5e-05)
(0.02 0.002801 5e-05)
(0.021 0.002801 5e-05)
(0.022 0.002801 5e-05)
(0.023 0.002801 5e-05)
(0.024 0.002801 5e-05)
(0.025 0.002801 5e-05)
(0.026 0.002801 5e-05)
(0.027 0.002801 5e-05)
(0.028 0.002801 5e-05)
(0.029 0.002801 5e-05)
(0.03 0.002801 5e-05)
(0.031 0.002801 5e-05)
(0.032 0.002801 5e-05)
(0.033 0.002801 5e-05)
(0.034 0.002801 5e-05)
(0.035 0.002801 5e-05)
(0.036 0.002801 5e-05)
(0.037 0.002801 5e-05)
(0.038 0.002801 5e-05)
(0.039 0.002801 5e-05)
(0.04 0.002801 5e-05)
(0.041 0.002801 5e-05)
(0.042 0.002801 5e-05)
(0.043 0.002801 5e-05)
(0.044 0.002801 5e-05)
(0.045 0.002801 5e-05)
(0.046 0.002801 5e-05)
(0.047 0.002801 5e-05)
(0.048 0.002801 5e-05)
(0.049 0.002801 5e-05)
(0.05 0.002801 5e-05)
(0 0.0029005 5e-05)
(0.001 0.0029005 5e-05)
(0.002 0.0029005 5e-05)
(0.003 0.0029005 5e-05)
(0.004 0.0029005 5e-05)
(0.005 0.0029005 5e-05)
(0.006 0.0029005 5e-05)
(0.007 0.0029005 5e-05)
(0.008 0.0029005 5e-05)
(0.009 0.0029005 5e-05)
(0.01 0.0029005 5e-05)
(0.011 0.0029005 5e-05)
(0.012 0.0029005 5e-05)
(0.013 0.0029005 5e-05)
(0.014 0.0029005 5e-05)
(0.015 0.0029005 5e-05)
(0.016 0.0029005 5e-05)
(0.017 0.0029005 5e-05)
(0.018 0.0029005 5e-05)
(0.019 0.0029005 5e-05)
(0.02 0.0029005 5e-05)
(0.021 0.0029005 5e-05)
(0.022 0.0029005 5e-05)
(0.023 0.0029005 5e-05)
(0.024 0.0029005 5e-05)
(0.025 0.0029005 5e-05)
(0.026 0.0029005 5e-05)
(0.027 0.0029005 5e-05)
(0.028 0.0029005 5e-05)
(0.029 0.0029005 5e-05)
(0.03 0.0029005 5e-05)
(0.031 0.0029005 5e-05)
(0.032 0.0029005 5e-05)
(0.033 0.0029005 5e-05)
(0.034 0.0029005 5e-05)
(0.035 0.0029005 5e-05)
(0.036 0.0029005 5e-05)
(0.037 0.0029005 5e-05)
(0.038 0.0029005 5e-05)
(0.039 0.0029005 5e-05)
(0.04 0.0029005 5e-05)
(0.041 0.0029005 5e-05)
(0.042 0.0029005 5e-05)
(0.043 0.0029005 5e-05)
(0.044 0.0029005 5e-05)
(0.045 0.0029005 5e-05)
(0.046 0.0029005 5e-05)
(0.047 0.0029005 5e-05)
(0.048 0.0029005 5e-05)
(0.049 0.0029005 5e-05)
(0.05 0.0029005 5e-05)
(0 0.003 5e-05)
(0.001 0.003 5e-05)
(0.002 0.003 5e-05)
(0.003 0.003 5e-05)
(0.004 0.003 5e-05)
(0.005 0.003 5e-05)
(0.006 0.003 5e-05)
(0.007 0.003 5e-05)
(0.008 0.003 5e-05)
(0.009 0.003 5e-05)
(0.01 0.003 5e-05)
(0.011 0.003 5e-05)
(0.012 0.003 5e-05)
(0.013 0.003 5e-05)
(0.014 0.003 5e-05)
(0.015 0.003 5e-05)
(0.016 0.003 5e-05)
(0.017 0.003 5e-05)
(0.018 0.003 5e-05)
(0.019 0.003 5e-05)
(0.02 0.003 5e-05)
(0.021 0.003 5e-05)
(0.022 0.003 5e-05)
(0.023 0.003 5e-05)
(0.024 0.003 5e-05)
(0.025 0.003 5e-05)
(0.026 0.003 5e-05)
(0.027 0.003 5e-05)
(0.028 0.003 5e-05)
(0.029 0.003 5e-05)
(0.03 0.003 5e-05)
(0.031 0.003 5e-05)
(0.032 0.003 5e-05)
(0.033 0.003 5e-05)
(0.034 0.003 5e-05)
(0.035 0.003 5e-05)
(0.036 0.003 5e-05)
(0.037 0.003 5e-05)
(0.038 0.003 5e-05)
(0.039 0.003 5e-05)
(0.04 0.003 5e-05)
(0.041 0.003 5e-05)
(0.042 0.003 5e-05)
(0.043 0.003 5e-05)
(0.044 0.003 5e-05)
(0.045 0.003 5e-05)
(0.046 0.003 5e-05)
(0.047 0.003 5e-05)
(0.048 0.003 5e-05)
(0.049 0.003 5e-05)
(0.05 0.003 5e-05)
)


// ************************************************************************* //
